	150
CONTROL_REP1_1	21192945.0
	22	27	32	37	42	47	52	57	62	67	72	77	82	87	92	97	102	107	112	117	122	127	132	137	142	147	150
CONTROL_REP1_1_val_1	298.0	512.0	659.0	812.0	995.0	1123.0	1247.0	1455.0	1501.0	1712.0	1694.0	1701.0	2171.0	2763.0	3273.0	3914.0	4569.0	5447.0	6575.0	8343.0	10399.0	13752.0	19287.0	32562.0	87743.0	7797552.0	13149039.0
	150
CONTROL_REP1_2	21192945.0
	22	27	32	37	42	47	52	57	62	67	72	77	82	87	92	97	102	107	112	117	122	127	132	137	142	147	150
CONTROL_REP1_2_val_2	5415.0	5427.0	5693.0	6071.0	6389.0	6797.0	7044.0	7127.0	7493.0	7321.0	7310.0	6540.0	7882.0	9457.0	10639.0	12118.0	13573.0	15903.0	18565.0	22809.0	28830.0	37500.0	53718.0	89268.0	216661.0	8175480.0	12370068.0
	150
CONTROL_REP2_1	21635559.0
	22	27	32	37	42	47	52	57	62	67	72	77	82	87	92	97	102	107	112	117	122	127	132	137	142	147	150
CONTROL_REP2_1_val_1	289.0	547.0	629.0	822.0	950.0	1059.0	1321.0	1402.0	1481.0	1575.0	1548.0	1552.0	2212.0	2741.0	3310.0	3913.0	4720.0	5526.0	6829.0	8363.0	10744.0	14396.0	20273.0	35917.0	102306.0	8029070.0	13345953.0
	150
CONTROL_REP2_2	21635559.0
	22	27	32	37	42	47	52	57	62	67	72	77	82	87	92	97	102	107	112	117	122	127	132	137	142	147	150
CONTROL_REP2_2_val_2	5036.0	5167.0	5670.0	5969.0	6296.0	6566.0	6981.0	7268.0	7518.0	7515.0	7152.0	6450.0	8115.0	9672.0	10807.0	12560.0	14325.0	16833.0	19521.0	23967.0	30573.0	40221.0	58323.0	99868.0	247299.0	8452037.0	12487739.0
	150
CONTROL_REP3_1	21085053.0
	22	27	32	37	42	47	52	57	62	67	72	77	82	87	92	97	102	107	112	117	122	127	132	137	142	147	150
CONTROL_REP3_1_val_1	234.0	422.0	669.0	781.0	973.0	1023.0	1194.0	1325.0	1360.0	1523.0	1590.0	1496.0	2062.0	2505.0	3008.0	3590.0	4208.0	4994.0	6170.0	7712.0	9941.0	13342.0	18768.0	32867.0	92247.0	7792776.0	13056053.0
	150
CONTROL_REP3_2	21085053.0
	22	27	32	37	42	47	52	57	62	67	72	77	82	87	92	97	102	107	112	117	122	127	132	137	142	147	150
CONTROL_REP3_2_val_2	4580.0	4713.0	4945.0	5479.0	5877.0	6051.0	6456.0	6656.0	6803.0	6951.0	6898.0	6265.0	7455.0	8678.0	10195.0	11509.0	13015.0	15124.0	17983.0	21763.0	27965.0	36852.0	54157.0	91908.0	227686.0	8220823.0	12226046.0
	150
CONTROL_REP4_1	19348588.0
	22	27	32	37	42	47	52	57	62	67	72	77	82	87	92	97	102	107	112	117	122	127	132	137	142	147	150
CONTROL_REP4_1_val_1	212.0	426.0	624.0	778.0	871.0	1029.0	1032.0	1266.0	1385.0	1421.0	1433.0	1413.0	1948.0	2291.0	2856.0	3488.0	4117.0	4816.0	5868.0	7396.0	9425.0	12609.0	17716.0	31369.0	87561.0	7174177.0	11950793.0
	150
CONTROL_REP4_2	19348588.0
	22	27	32	37	42	47	52	57	62	67	72	77	82	87	92	97	102	107	112	117	122	127	132	137	142	147	150
CONTROL_REP4_2_val_2	3940.0	4038.0	4443.0	4942.0	5334.0	5578.0	6003.0	6116.0	6003.0	6238.0	6195.0	5457.0	6712.0	8019.0	9194.0	10364.0	11867.0	14049.0	16313.0	19948.0	25467.0	33497.0	49098.0	81836.0	202639.0	7523375.0	11251655.0
	150
PREECLAMPSIA_REP1_1	20414332.0
	22	27	32	37	42	47	52	57	62	67	72	77	82	87	92	97	102	107	112	117	122	127	132	137	142	147	150
PREECLAMPSIA_REP1_1_val_1	267.0	546.0	674.0	911.0	1048.0	1180.0	1329.0	1512.0	1497.0	1794.0	2028.0	1909.0	2458.0	3279.0	4109.0	4877.0	5939.0	7495.0	9111.0	11660.0	14719.0	18589.0	24710.0	37836.0	90060.0	7428144.0	12696528.0
	150
PREECLAMPSIA_REP1_2	20414332.0
	22	27	32	37	42	47	52	57	62	67	72	77	82	87	92	97	102	107	112	117	122	127	132	137	142	147	150
PREECLAMPSIA_REP1_2_val_2	3779.0	4135.0	4584.0	5026.0	5284.0	5447.0	5984.0	5959.0	6466.0	6624.0	6328.0	5846.0	7125.0	8520.0	9995.0	11539.0	13204.0	16136.0	18919.0	23224.0	29676.0	37837.0	52927.0	84491.0	196847.0	7813069.0	11985238.0
	150
PREECLAMPSIA_REP2_1	21356444.0
	22	27	32	37	42	47	52	57	62	67	72	77	82	87	92	97	102	107	112	117	122	127	132	137	142	147	150
PREECLAMPSIA_REP2_1_val_1	280.0	529.0	641.0	828.0	987.0	1099.0	1259.0	1373.0	1543.0	1682.0	1715.0	1690.0	2185.0	2767.0	3573.0	4221.0	5168.0	6142.0	7938.0	10015.0	12565.0	16555.0	22940.0	38573.0	102853.0	7910850.0	13176712.0
	150
PREECLAMPSIA_REP2_2	21356444.0
	22	27	32	37	42	47	52	57	62	67	72	77	82	87	92	97	102	107	112	117	122	127	132	137	142	147	150
PREECLAMPSIA_REP2_2_val_2	3598.0	3858.0	4240.0	4575.0	5055.0	5284.0	5561.0	5924.0	5882.0	6324.0	6272.0	5589.0	6776.0	8201.0	9673.0	11177.0	12501.0	14629.0	18064.0	22105.0	28237.0	37254.0	53422.0	88571.0	215620.0	8288930.0	12459361.0
	150
PREECLAMPSIA_REP3_1	20085967.0
	22	27	32	37	42	47	52	57	62	67	72	77	82	87	92	97	102	107	112	117	122	127	132	137	142	147	150
PREECLAMPSIA_REP3_1_val_1	273.0	473.0	599.0	797.0	1081.0	1186.0	1351.0	1543.0	1624.0	1798.0	1720.0	1833.0	2517.0	3265.0	4195.0	5077.0	6013.0	7485.0	8947.0	10929.0	14103.0	17947.0	24267.0	37909.0	87478.0	7155382.0	12578814.0
	150
PREECLAMPSIA_REP3_2	20085967.0
	22	27	32	37	42	47	52	57	62	67	72	77	82	87	92	97	102	107	112	117	122	127	132	137	142	147	150
PREECLAMPSIA_REP3_2_val_2	11995.0	11687.0	11607.0	12011.0	12368.0	12107.0	11936.0	11667.0	11225.0	10665.0	9682.0	8909.0	11411.0	13121.0	15519.0	17755.0	20054.0	23597.0	27308.0	32547.0	39410.0	48832.0	66325.0	102837.0	229891.0	7631064.0	11563076.0
	150
PREECLAMPSIA_REP4_1	20695417.0
	22	27	32	37	42	47	52	57	62	67	72	77	82	87	92	97	102	107	112	117	122	127	132	137	142	147	150
PREECLAMPSIA_REP4_1_val_1	225.0	441.0	569.0	719.0	938.0	1081.0	1301.0	1388.0	1498.0	1584.0	1701.0	1641.0	2234.0	2991.0	3593.0	4390.0	5240.0	6303.0	7935.0	9877.0	12486.0	16108.0	22136.0	36493.0	90836.0	7433960.0	12946277.0
	150
PREECLAMPSIA_REP4_2	20695417.0
	22	27	32	37	42	47	52	57	62	67	72	77	82	87	92	97	102	107	112	117	122	127	132	137	142	147	150
PREECLAMPSIA_REP4_2_val_2	9463.0	9408.0	9516.0	10091.0	10200.0	10172.0	10158.0	10198.0	10014.0	9697.0	8945.0	8071.0	10506.0	12470.0	14718.0	16887.0	19575.0	23545.0	28412.0	34404.0	41150.0	52697.0	71694.0	111458.0	255259.0	7955056.0	11850181.0

