	12.0	13.0	14.0	15.0	16.0	17.0	18.0	19.0	20.0	21.0	22.0	23.0	24.0	25.0	26.0	27.0	28.0	29.0	30.0	31.0	32.0	33.0	34.0	35.0	36.0	37.0	38.0	39.0	40.0
CONTROL_REP1_1	1.0	2.0	1.0	14.0	39.0	137.0	462.0	1168.0	2816.0	5633.0	10474.0	18020.0	29072.0	45106.0	68276.0	97167.0	135740.0	186194.0	250382.0	332947.0	438096.0	576940.0	761488.0	1015880.0	1378822.0	1933824.0	2880407.0	4734128.0	6289709.0
	16.0	17.0	18.0	19.0	20.0	21.0	22.0	23.0	24.0	25.0	26.0	27.0	28.0	29.0	30.0	31.0	32.0	33.0	34.0	35.0	36.0	37.0	38.0	39.0	40.0
CONTROL_REP1_1_val_1	9.0	38.0	157.0	490.0	1279.0	3191.0	6718.0	13196.0	23423.0	38560.0	60534.0	90185.0	128926.0	180206.0	244306.0	327595.0	432999.0	573427.0	758596.0	1013511.0	1378741.0	1934759.0	2883222.0	4745336.0	6321694.0
	11.0	12.0	13.0	14.0	15.0	16.0	17.0	18.0	19.0	20.0	21.0	22.0	23.0	24.0	25.0	26.0	27.0	28.0	29.0	30.0	31.0	32.0	33.0	34.0	35.0	36.0	37.0	38.0	39.0	40.0
CONTROL_REP1_2	6.0	88.0	437.0	1775.0	3487.0	8770.0	23952.0	43535.0	55906.0	65301.0	76974.0	91524.0	109103.0	131625.0	158010.0	189455.0	226717.0	272201.0	329825.0	398206.0	480564.0	586769.0	725484.0	905628.0	1151447.0	1493222.0	1997718.0	2790014.0	4175586.0	4699616.0
	12.0	13.0	14.0	15.0	16.0	17.0	18.0	19.0	20.0	21.0	22.0	23.0	24.0	25.0	26.0	27.0	28.0	29.0	30.0	31.0	32.0	33.0	34.0	35.0	36.0	37.0	38.0	39.0	40.0
CONTROL_REP1_2_val_2	3.0	39.0	275.0	806.0	3008.0	10844.0	23857.0	35334.0	50791.0	67399.0	84149.0	102188.0	123436.0	150124.0	182382.0	221677.0	267824.0	325997.0	395885.0	479583.0	587550.0	726813.0	909026.0	1156514.0	1499940.0	2006660.0	2801552.0	4199882.0	4747560.0
	14.0	15.0	16.0	17.0	18.0	19.0	20.0	21.0	22.0	23.0	24.0	25.0	26.0	27.0	28.0	29.0	30.0	31.0	32.0	33.0	34.0	35.0	36.0	37.0	38.0	39.0	40.0
CONTROL_REP2_1	1.0	5.0	25.0	145.0	470.0	1351.0	3024.0	6347.0	11959.0	21189.0	34494.0	53992.0	81256.0	117090.0	163306.0	224234.0	296553.0	391429.0	508105.0	658095.0	853245.0	1121299.0	1494423.0	2065160.0	3037129.0	4880893.0	5610340.0
	14.0	15.0	16.0	17.0	18.0	19.0	20.0	21.0	22.0	23.0	24.0	25.0	26.0	27.0	28.0	29.0	30.0	31.0	32.0	33.0	34.0	35.0	36.0	37.0	38.0	39.0	40.0
CONTROL_REP2_1_val_1	1.0	0.0	6.0	31.0	159.0	493.0	1397.0	3575.0	7871.0	15822.0	28311.0	46882.0	73577.0	109597.0	156283.0	217302.0	290772.0	385768.0	504112.0	654789.0	850948.0	1119902.0	1494867.0	2067449.0	3040924.0	4892614.0	5645996.0
	11.0	12.0	13.0	14.0	15.0	16.0	17.0	18.0	19.0	20.0	21.0	22.0	23.0	24.0	25.0	26.0	27.0	28.0	29.0	30.0	31.0	32.0	33.0	34.0	35.0	36.0	37.0	38.0	39.0	40.0
CONTROL_REP2_2	5.0	68.0	254.0	981.0	2175.0	7502.0	22752.0	42217.0	56299.0	67024.0	79620.0	96444.0	116588.0	140674.0	170442.0	204781.0	247234.0	298614.0	359875.0	433416.0	523676.0	636611.0	783131.0	974402.0	1233171.0	1588757.0	2104440.0	2906458.0	4241880.0	4296068.0
	12.0	13.0	14.0	15.0	16.0	17.0	18.0	19.0	20.0	21.0	22.0	23.0	24.0	25.0	26.0	27.0	28.0	29.0	30.0	31.0	32.0	33.0	34.0	35.0	36.0	37.0	38.0	39.0	40.0
CONTROL_REP2_2_val_2	7.0	35.0	159.0	495.0	2732.0	10603.0	23555.0	35672.0	51144.0	68835.0	87356.0	107559.0	131979.0	161805.0	197431.0	241056.0	293291.0	355426.0	430718.0	522499.0	637740.0	785631.0	977894.0	1238378.0	1596673.0	2114986.0	2919558.0	4266897.0	4349334.0
	13.0	14.0	15.0	16.0	17.0	18.0	19.0	20.0	21.0	22.0	23.0	24.0	25.0	26.0	27.0	28.0	29.0	30.0	31.0	32.0	33.0	34.0	35.0	36.0	37.0	38.0	39.0	40.0
CONTROL_REP3_1	1.0	1.0	5.0	21.0	107.0	381.0	979.0	2599.0	5339.0	9912.0	17394.0	28532.0	44743.0	68076.0	100701.0	141003.0	195912.0	264266.0	351786.0	465672.0	610879.0	804042.0	1068048.0	1443674.0	2011790.0	2984415.0	4837329.0	5627446.0
	15.0	16.0	17.0	18.0	19.0	20.0	21.0	22.0	23.0	24.0	25.0	26.0	27.0	28.0	29.0	30.0	31.0	32.0	33.0	34.0	35.0	36.0	37.0	38.0	39.0	40.0
CONTROL_REP3_1_val_1	1.0	3.0	33.0	122.0	365.0	1169.0	2881.0	6443.0	12557.0	22930.0	38766.0	61421.0	93837.0	134617.0	189756.0	258545.0	346128.0	461151.0	607612.0	801808.0	1066895.0	1443717.0	2012838.0	2988105.0	4847991.0	5663142.0
	11.0	12.0	13.0	14.0	15.0	16.0	17.0	18.0	19.0	20.0	21.0	22.0	23.0	24.0	25.0	26.0	27.0	28.0	29.0	30.0	31.0	32.0	33.0	34.0	35.0	36.0	37.0	38.0	39.0	40.0
CONTROL_REP3_2	3.0	91.0	208.0	727.0	1645.0	6516.0	19816.0	36495.0	48528.0	58456.0	70180.0	84316.0	101660.0	124207.0	150262.0	182428.0	222588.0	269200.0	326876.0	396803.0	483866.0	594421.0	738521.0	925986.0	1178514.0	1536503.0	2053369.0	2856847.0	4221366.0	4394655.0
	12.0	13.0	14.0	15.0	16.0	17.0	18.0	19.0	20.0	21.0	22.0	23.0	24.0	25.0	26.0	27.0	28.0	29.0	30.0	31.0	32.0	33.0	34.0	35.0	36.0	37.0	38.0	39.0	40.0
CONTROL_REP3_2_val_2	3.0	26.0	114.0	376.0	2341.0	9373.0	20107.0	30988.0	44477.0	59725.0	75750.0	93541.0	115382.0	141968.0	174807.0	215981.0	263579.0	322664.0	393246.0	482312.0	594355.0	739814.0	928796.0	1184033.0	1543141.0	2061582.0	2869749.0	4246514.0	4448089.0
	13.0	14.0	15.0	16.0	17.0	18.0	19.0	20.0	21.0	22.0	23.0	24.0	25.0	26.0	27.0	28.0	29.0	30.0	31.0	32.0	33.0	34.0	35.0	36.0	37.0	38.0	39.0	40.0
CONTROL_REP4_1	1.0	3.0	3.0	28.0	96.0	379.0	1090.0	2498.0	5334.0	9856.0	16867.0	27537.0	43122.0	66077.0	94657.0	134654.0	184412.0	249338.0	331198.0	434628.0	570148.0	751206.0	997583.0	1347819.0	1878968.0	2771583.0	4447755.0	4981748.0
	14.0	15.0	16.0	17.0	18.0	19.0	20.0	21.0	22.0	23.0	24.0	25.0	26.0	27.0	28.0	29.0	30.0	31.0	32.0	33.0	34.0	35.0	36.0	37.0	38.0	39.0	40.0
CONTROL_REP4_1_val_1	1.0	0.0	5.0	20.0	114.0	401.0	1146.0	2977.0	6409.0	12373.0	22260.0	37227.0	59530.0	88503.0	128600.0	178669.0	244137.0	326372.0	430762.0	567485.0	748767.0	996581.0	1348324.0	1880500.0	2774566.0	4458892.0	5013699.0
	11.0	12.0	13.0	14.0	15.0	16.0	17.0	18.0	19.0	20.0	21.0	22.0	23.0	24.0	25.0	26.0	27.0	28.0	29.0	30.0	31.0	32.0	33.0	34.0	35.0	36.0	37.0	38.0	39.0	40.0
CONTROL_REP4_2	2.0	68.0	211.0	822.0	1658.0	5894.0	16940.0	30741.0	41293.0	49821.0	60252.0	72971.0	88622.0	107609.0	131346.0	160174.0	194017.0	237842.0	289065.0	353782.0	432784.0	533598.0	663735.0	839458.0	1076280.0	1406280.0	1888716.0	2647372.0	3924117.0	4093118.0
	12.0	13.0	14.0	15.0	16.0	17.0	18.0	19.0	20.0	21.0	22.0	23.0	24.0	25.0	26.0	27.0	28.0	29.0	30.0	31.0	32.0	33.0	34.0	35.0	36.0	37.0	38.0	39.0	40.0
CONTROL_REP4_2_val_2	4.0	17.0	131.0	373.0	2107.0	7752.0	16734.0	25739.0	37620.0	50737.0	65001.0	80589.0	99674.0	123456.0	153057.0	187764.0	232561.0	284539.0	350601.0	431013.0	533252.0	665259.0	841811.0	1080627.0	1412192.0	1896605.0	2658032.0	3947205.0	4143868.0
	14.0	15.0	16.0	17.0	18.0	19.0	20.0	21.0	22.0	23.0	24.0	25.0	26.0	27.0	28.0	29.0	30.0	31.0	32.0	33.0	34.0	35.0	36.0	37.0	38.0	39.0	40.0
PREECLAMPSIA_REP1_1	2.0	5.0	23.0	99.0	387.0	1096.0	2560.0	5281.0	9619.0	16482.0	26762.0	42275.0	69868.0	91848.0	124623.0	170142.0	228321.0	303668.0	399367.0	524753.0	693504.0	926446.0	1264194.0	1792430.0	2713572.0	4607760.0	6399245.0
	15.0	16.0	17.0	18.0	19.0	20.0	21.0	22.0	23.0	24.0	25.0	26.0	27.0	28.0	29.0	30.0	31.0	32.0	33.0	34.0	35.0	36.0	37.0	38.0	39.0	40.0
PREECLAMPSIA_REP1_1_val_1	1.0	5.0	31.0	118.0	376.0	1158.0	2965.0	6192.0	12008.0	21460.0	35509.0	55721.0	82772.0	118192.0	164629.0	222918.0	299163.0	395423.0	521617.0	691055.0	924565.0	1263233.0	1792613.0	2714344.0	4616017.0	6432124.0
	10.0	11.0	12.0	13.0	14.0	15.0	16.0	17.0	18.0	19.0	20.0	21.0	22.0	23.0	24.0	25.0	26.0	27.0	28.0	29.0	30.0	31.0	32.0	33.0	34.0	35.0	36.0	37.0	38.0	39.0	40.0
PREECLAMPSIA_REP1_2	1.0	8.0	81.0	466.0	2396.0	3751.0	7300.0	17771.0	31293.0	40830.0	49382.0	59318.0	71990.0	87519.0	109888.0	136697.0	157336.0	191065.0	232127.0	283218.0	345956.0	421946.0	522486.0	651557.0	824457.0	1060750.0	1398751.0	1902647.0	2704500.0	4171599.0	4927246.0
	12.0	13.0	14.0	15.0	16.0	17.0	18.0	19.0	20.0	21.0	22.0	23.0	24.0	25.0	26.0	27.0	28.0	29.0	30.0	31.0	32.0	33.0	34.0	35.0	36.0	37.0	38.0	39.0	40.0
PREECLAMPSIA_REP1_2_val_2	3.0	52.0	358.0	838.0	2437.0	7972.0	17000.0	25588.0	37769.0	51211.0	64688.0	80101.0	98910.0	121767.0	149880.0	184740.0	227370.0	279590.0	342690.0	420569.0	521526.0	652153.0	826542.0	1064131.0	1403644.0	1909302.0	2714170.0	4191362.0	4977846.0
	13.0	14.0	15.0	16.0	17.0	18.0	19.0	20.0	21.0	22.0	23.0	24.0	25.0	26.0	27.0	28.0	29.0	30.0	31.0	32.0	33.0	34.0	35.0	36.0	37.0	38.0	39.0	40.0
PREECLAMPSIA_REP2_1	1.0	4.0	7.0	31.0	93.0	392.0	1133.0	2559.0	5333.0	9995.0	17005.0	28431.0	44703.0	68790.0	99647.0	140737.0	193352.0	261148.0	347773.0	459895.0	604463.0	797851.0	1066271.0	1453728.0	2061954.0	3115312.0	5113772.0	5462064.0
	14.0	15.0	16.0	17.0	18.0	19.0	20.0	21.0	22.0	23.0	24.0	25.0	26.0	27.0	28.0	29.0	30.0	31.0	32.0	33.0	34.0	35.0	36.0	37.0	38.0	39.0	40.0
PREECLAMPSIA_REP2_1_val_1	1.0	1.0	6.0	30.0	98.0	395.0	1135.0	2787.0	6353.0	12511.0	22869.0	38316.0	61050.0	92761.0	133790.0	187588.0	255423.0	342716.0	455444.0	601141.0	794888.0	1065304.0	1452956.0	2063273.0	3116778.0	5125641.0	5503428.0
	10.0	11.0	12.0	13.0	14.0	15.0	16.0	17.0	18.0	19.0	20.0	21.0	22.0	23.0	24.0	25.0	26.0	27.0	28.0	29.0	30.0	31.0	32.0	33.0	34.0	35.0	36.0	37.0	38.0	39.0	40.0
PREECLAMPSIA_REP2_2	1.0	2.0	103.0	295.0	957.0	1812.0	5012.0	14090.0	26122.0	37068.0	46965.0	58349.0	71610.0	88782.0	109612.0	135100.0	164262.0	201188.0	247500.0	302916.0	370245.0	454682.0	565622.0	708322.0	900175.0	1159517.0	1534525.0	2087579.0	2959473.0	4442469.0	4662089.0
	12.0	13.0	14.0	15.0	16.0	17.0	18.0	19.0	20.0	21.0	22.0	23.0	24.0	25.0	26.0	27.0	28.0	29.0	30.0	31.0	32.0	33.0	34.0	35.0	36.0	37.0	38.0	39.0	40.0
PREECLAMPSIA_REP2_2_val_2	5.0	27.0	163.0	412.0	1683.0	6314.0	13964.0	22651.0	34241.0	48158.0	62795.0	80426.0	100528.0	126155.0	156650.0	195082.0	241856.0	298190.0	367418.0	452775.0	564949.0	708962.0	901992.0	1163563.0	1538825.0	2095055.0	2969308.0	4464717.0	4719819.0
	14.0	15.0	16.0	17.0	18.0	19.0	20.0	21.0	22.0	23.0	24.0	25.0	26.0	27.0	28.0	29.0	30.0	31.0	32.0	33.0	34.0	35.0	36.0	37.0	38.0	39.0	40.0
PREECLAMPSIA_REP3_1	4.0	16.0	89.0	489.0	1569.0	3622.0	6896.0	11266.0	17855.0	26575.0	37980.0	53989.0	75830.0	101986.0	136210.0	177975.0	228183.0	287123.0	360153.0	450580.0	570406.0	730892.0	971126.0	1355994.0	2076393.0	3885587.0	8517179.0
	14.0	15.0	16.0	17.0	18.0	19.0	20.0	21.0	22.0	23.0	24.0	25.0	26.0	27.0	28.0	29.0	30.0	31.0	32.0	33.0	34.0	35.0	36.0	37.0	38.0	39.0	40.0
PREECLAMPSIA_REP3_1_val_1	1.0	0.0	4.0	44.0	180.0	471.0	1410.0	3234.0	6897.0	13334.0	23719.0	38870.0	61105.0	88709.0	124769.0	168213.0	220464.0	281553.0	356231.0	448138.0	569093.0	730036.0	970581.0	1355632.0	2076137.0	3886656.0	8553125.0
	11.0	12.0	13.0	14.0	15.0	16.0	17.0	18.0	19.0	20.0	21.0	22.0	23.0	24.0	25.0	26.0	27.0	28.0	29.0	30.0	31.0	32.0	33.0	34.0	35.0	36.0	37.0	38.0	39.0	40.0
PREECLAMPSIA_REP3_2	6.0	95.0	1592.0	15102.0	37146.0	47001.0	61532.0	76568.0	85874.0	93743.0	103173.0	115027.0	130590.0	147792.0	168961.0	193050.0	223799.0	259140.0	302707.0	352781.0	413907.0	491317.0	589525.0	718588.0	894488.0	1142072.0	1528188.0	2184633.0	3571553.0	6136017.0
	12.0	13.0	14.0	15.0	16.0	17.0	18.0	19.0	20.0	21.0	22.0	23.0	24.0	25.0	26.0	27.0	28.0	29.0	30.0	31.0	32.0	33.0	34.0	35.0	36.0	37.0	38.0	39.0	40.0
PREECLAMPSIA_REP3_2_val_2	3.0	183.0	3074.0	8859.0	12927.0	21783.0	33830.0	46248.0	69156.0	94447.0	114095.0	133685.0	151503.0	172791.0	195881.0	225613.0	260080.0	303989.0	353689.0	415693.0	493096.0	592658.0	722579.0	899334.0	1148281.0	1534888.0	2193997.0	3588291.0	6187953.0
	13.0	14.0	15.0	16.0	17.0	18.0	19.0	20.0	21.0	22.0	23.0	24.0	25.0	26.0	27.0	28.0	29.0	30.0	31.0	32.0	33.0	34.0	35.0	36.0	37.0	38.0	39.0	40.0
PREECLAMPSIA_REP4_1	1.0	3.0	9.0	54.0	256.0	926.0	2436.0	4879.0	8854.0	14459.0	22758.0	34286.0	50680.0	73478.0	100949.0	137073.0	180820.0	236491.0	305133.0	388029.0	494277.0	632162.0	822858.0	1101110.0	1542420.0	2341993.0	4238349.0	7960674.0
	14.0	15.0	16.0	17.0	18.0	19.0	20.0	21.0	22.0	23.0	24.0	25.0	26.0	27.0	28.0	29.0	30.0	31.0	32.0	33.0	34.0	35.0	36.0	37.0	38.0	39.0	40.0
PREECLAMPSIA_REP4_1_val_1	1.0	3.0	2.0	22.0	141.0	462.0	1107.0	2871.0	6346.0	12641.0	23041.0	38412.0	60277.0	89011.0	126608.0	172393.0	229292.0	299095.0	383935.0	491331.0	630106.0	821260.0	1099782.0	1542544.0	2341244.0	4240078.0	8001940.0
	11.0	12.0	13.0	14.0	15.0	16.0	17.0	18.0	19.0	20.0	21.0	22.0	23.0	24.0	25.0	26.0	27.0	28.0	29.0	30.0	31.0	32.0	33.0	34.0	35.0	36.0	37.0	38.0	39.0	40.0
PREECLAMPSIA_REP4_2	3.0	81.0	887.0	10303.0	25356.0	33411.0	46830.0	61029.0	70841.0	79625.0	90820.0	106118.0	123479.0	145452.0	170784.0	200796.0	235601.0	278370.0	329200.0	390529.0	462054.0	552604.0	667796.0	816270.0	1015006.0	1294313.0	1708855.0	2393237.0	3749730.0	5636037.0
	12.0	13.0	14.0	15.0	16.0	17.0	18.0	19.0	20.0	21.0	22.0	23.0	24.0	25.0	26.0	27.0	28.0	29.0	30.0	31.0	32.0	33.0	34.0	35.0	36.0	37.0	38.0	39.0	40.0
PREECLAMPSIA_REP4_2_val_2	2.0	119.0	2185.0	6135.0	9283.0	16757.0	27034.0	37736.0	56859.0	79048.0	99425.0	120027.0	142818.0	167768.0	198618.0	234117.0	276850.0	328314.0	389653.0	462967.0	554422.0	671347.0	820519.0	1021030.0	1301363.0	1717181.0	2405506.0	3771468.0	5695394.0

