ID
2
4
5
6
7
10
11
12
13
14
15
16
17
18
25
26
27
28
29
30
31
32
33
34
35
36
37
38
39
40
41
42
43
44
45
46
47
48
49
50
51
54
55
57
58
59
61
62
63
64
65
68
69
70
71
72
74
75
77
78
85
86
87
88
89
92
93
98
99
100
103
104
107
109
111
112
113
115
119
120
121
123
124
125
128
143
144
145
146
147
148
149
150
151
152
154
155
156
157
158
159
160
162
164
166
167
168
169
170
171
172
173
174
175
176
182
183
184
185
186
187
188
189
190
191
192
193
194
196
197
198
199
200
201
202
203
204
207
208
209
210
211
212
213
214
215
216
218
219
224
225
226
227
228
229
230
231
232
233
234
236
237
238
239
240
242
244
245
246
247
248
249
251
252
253
254
255
256
257
258
259
260
261
262
263
264
265
268
269
270
271
273
275
278
279
280
281
282
283
284
288
290
291
292
293
294
295
296
297
298
299
300
301
302
305
306
307
308
309
310
311
312
313
314
315
316
317
318
319
320
324
325
326
327
328
329
330
331
332
334
335
336
337
338
340
341
342
343
345
346
347
348
349
350
351
352
353
354
355
356
358
359
360
361
362
363
364
366
367
368
369
370
371
376
377
378
379
380
381
382
383
384
385
386
389
393
394
395
397
398
399
400
401
402
403
404
405
406
407
410
411
412
413
414
415
416
417
418
419
420
421
422
424
425
427
428
429
432
433
437
438
439
440
441
442
443
444
445
446
447
448
449
450
451
452
453
456
457
461
463
464
465
466
467
468
469
470
471
472
473
474
475
476
478
482
483
484
485
486
487
488
489
490
491
492
493
495
499
500
501
502
503
507
508
510
511
513
514
516
519
520
524
525
526
527
528
529
530
532
533
534
541
542
543
544
545
546
548
549
557
559
560
561
563
567
569
570
571
572
573
574
575
577
578
579
580
581
582
583
584
585
586
587
589
591
596
598
599
600
605
606
607
611
612
613
614
615
616
617
618
619
620
621
622
623
624
625
626
627
629
631
635
639
640
641
642
644
645
646
647
654
655
656
657
658
659
662
664
665
666
667
669
671
673
674
676
682
687
688
689
690
691
693
694
696
700
701
702
703
707
708
709
710
711
712
713
714
715
716
717
718
719
720
721
722
724
725
726
727
728
729
730
731
732
733
734
735
736
737
738
739
740
742
743
744
747
748
750
751
752
754
756
757
758
759
760
761
762
764
767
768
769
770
771
772
773
774
775
776
777
778
779
781
782
783
784
787
788
789
790
793
796
797
799
801
802
807
808
809
810
812
813
814
815
816
817
818
819
820
821
825
826
827
828
829
830
831
832
833
834
835
836
837
838
839
840
842
843
844
845
846
847
848
849
850
851
852
854
855
856
860
861
862
866
868
869
870
872
873
874
875
876
885
886
887
888
889
890
891
893
895
896
897
898
899
900
901
902
903
908
909
910
911
912
913
914
917
920
921
922
923
925
926
927
928
929
931
932
933
934
935
936
938
939
940
941
942
943
944
948
949
950
952
953
954
955
956
957
958
959
961
962
963
964
965
966
968
969
970
974
977
978
979
980
981
982
983
984
985
988
989
990
992
993
994
998
999
1004
1005
1006
1007
1008
1009
1010
1011
1013
1016
1019
1020
1021
1022
1023
1024
1025
1026
1027
1028
1029
1030
1031
1032
1033
1034
1035
1036
1037
1038
1039
1042
1043
1044
1045
1046
1047
1048
1049
1050
1052
1053
1054
1055
1056
1057
1058
1059
1060
1061
1062
1066
1067
1068
1070
1072
1073
1075
1076
1077
1078
1079
1080
1081
1082
1083
1084
1085
1089
1092
1094
1095
1096
1097
1098
1099
1100
1101
1102
1103
1104
1105
1107
1109
1110
1117
1118
1119
1120
1121
1122
1128
1136
1137
1142
1143
1144
1145
1146
1147
1148
1149
1150
1151
1152
1153
1154
1155
1156
1158
1159
1160
1161
1162
1163
1166
1167
1172
1173
1174
1175
1176
1177
1178
1185
1186
1187
1191
1192
1193
1195
1197
1198
1199
1200
1201
1202
1203
1204
1206
1207
1208
1209
1210
1211
1212
1213
1215
1217
1218
1222
1223
1224
1225
1226
1227
1228
1229
1230
1231
1232
1233
1234
1235
1236
1237
1238
1240
1241
1242
1246
1247
1248
1249
1250
1253
1254
1255
1256
1258
1259
1260
1261
1262
1264
1265
1266
1267
1268
1269
1271
1273
1274
1275
1279
1280
1284
1285
1286
1287
1289
1290
1292
1293
1294
1296
1297
1298
1299
1300
1301
1302
1303
1304
1305
1307
1308
1310
1311
1312
1313
1319
1320
1322
1323
1324
1325
1326
1327
1328
1329
1330
1332
1333
1334
1340
1341
1342
1343
1344
1345
1346
1347
1348
1349
1351
1353
1354
1355
1357
1358
1359
1361
1362
1363
1364
1365
1366
1367
1369
1371
1372
1373
1374
1376
1377
1378
1379
1380
1381
1382
1383
1384
1385
1386
1387
1388
1389
1391
1392
1393
1394
1397
1399
1400
1401
1402
1403
1404
1405
1406
1408
1410
1415
1416
1418
1419
1422
1425
1426
1428
1429
1430
1431
1433
1434
1435
1444
1445
1446
1447
1448
1449
1450
1451
1452
1453
1454
1455
1457
1458
1459
1460
1461
1463
1464
1465
1466
1467
1468
1469
1470
1471
1472
1473
1474
1475
1476
1477
1478
1479
1480
1481
1482
1483
1484
1485
1486
1487
1490
1491
1492
1493
1495
1497
1498
1499
1500
1501
1502
1503
1504
1505
1506
1507
1508
1510
1511
1513
1514
1516
1517
1518
1519
1520
1521
1524
1525
1526
1527
1528
1529
1530
1531
1532
1533
1534
1535
1536
1537
1538
1539
1540
1541
1542
1543
1544
1545
1546
1547
1548
1551
1552
1553
1555
1556
1557
1558
1560
1561
1562
1563
1564
1565
1566
1567
1568
1569
1570
1571
1572
1573
1574
1575
1576
1577
1578
1579
1580
1581
1582
1583
1584
1585
1586
1587
1588
1589
1591
1593
1595
1596
1597
1598
1599
1600
1602
1603
1608
1609
1610
1613
1614
1615
1616
1617
1618
1619
1620
1622
1624
1625
1626
1633
1634
1635
1637
1638
1640
1642
1643
1644
1645
1646
1647
1648
1650
1651
1652
1653
1654
1655
1656
1657
1658
1659
1660
1661
1662
1663
1664
1665
1666
1667
1668
1670
1671
1672
1673
1674
1675
1677
1678
1679
1681
1682
1683
1684
1685
1686
1689
1690
1693
1695
1696
1699
1702
1704
1705
1706
1707
1708
1709
1710
1712
1713
1714
1715
1716
1717
1718
1725
1726
1727
1728
1730
1731
1733
1735
1742
1743
1744
1746
1747
1748
1749
1750
1751
1752
1753
1754
1756
1757
1758
1759
1761
1762
1763
1764
1765
1766
1767
1769
1770
1771
1773
1776
1777
1778
1779
1780
1781
1782
1783
1784
1785
1786
1787
1788
1789
1790
1791
1792
1794
1795
1797
1798
1799
1802
1804
1805
1806
1807
1808
1809
1810
1811
1812
1813
1819
1820
1821
1822
1823
1824
1825
1830
1831
1832
1833
1834
1835
1836
1837
1839
1844
1845
1846
1847
1848
1850
1852
1856
1857
1858
1859
1860
1861
1862
1864
1865
1866
1867
1868
1869
1870
1871
1872
1873
1874
1875
1876
1877
1879
1880
1882
1883
1884
1887
1888
1889
1890
1891
1892
1894
1896
1897
1899
1901
1902
1903
1904
1905
1907
1908
1909
1910
1911
1913
1916
1917
1919
1920
1921
1922
1923
1924
1927
1928
1930
1931
1933
1934
1935
1940
1941
1942
1943
1944
1946
1947
1948
1949
1950
1951
1952
1953
1954
1955
1956
1957
1958
1959
1960
1961
1962
1964
1965
1966
1967
1969
1970
1971
1972
1974
1975
1976
1977
1978
1986
1987
1988
1989
1990
1991
1992
1993
1996
1997
1998
1999
2001
2002
2003
2004
2005
2006
2007
2009
2010
2012
2013
2014
2015
2021
2022
2023
2024
2025
2026
2027
2028
2029
2030
2031
2032
2033
2034
2036
2037
2038
2039
2040
2041
2043
2044
2045
2052
2053
2054
2055
2057
2058
2059
2060
2062
2064
2065
2066
2067
2068
2069
2070
2071
2072
2073
2074
2075
2076
2077
2078
2080
2081
2083
2084
2085
2086
2087
2088
2089
2090
2091
2093
2094
2096
2097
2098
2103
2104
2106
2107
2108
2109
2110
2111
2112
2113
2114
2115
2116
2117
2120
2121
2122
2123
2124
2125
2126
2127
2128
2129
2130
2131
2133
2134
2135
2136
2137
2138
2139
2140
2141
2142
2144
2145
2146
2147
2148
2149
2150
2152
2153
2157
2159
2160
2161
2162
2163
2164
2165
2166
2167
2168
2171
2172
2173
2174
2175
2176
2180
2185
2187
2188
2189
2193
2194
2195
2196
2198
2199
2201
2206
2207
2211
2212
2213
2214
2215
2216
2219
2220
2222
2223
2225
2226
2227
2235
2236
2238
2239
2240
2241
2242
2244
2245
2246
2247
2248
2250
2251
2252
2253
2254
2256
2258
2259
2260
2261
2263
2264
2265
2266
2267
2269
2270
2271
2272
2273
2274
2275
2276
2284
2285
2286
2289
2290
2291
2292
2293
2294
2295
2298
2299
2300
2301
2302
2303
2304
2306
2310
2311
2313
2314
2316
2318
2320
2321
2322
2325
2329
2330
2331
2332
2338
2339
2340
2341
2344
2345
2346
2347
2348
2350
2351
2352
2353
2354
2355
2356
2357
2358
2359
2360
2361
2362
2363
2364
2365
2366
2367
2368
2369
2370
2371
2372
2374
2375
2376
2377
2378
2379
2380
2381
2382
2386
2387
2391
2392
2393
2396
2398
2399
2402
2406
2407
2408
2412
2417
2418
2419
2421
2422
2423
2424
2425
2426
2427
2428
2429
2431
2432
2433
2434
2435
2436
2437
2439
2440
2441
2442
2443
2444
2445
2447
2448
2449
2450
2452
2454
2455
2458
2459
2460
2461
2462
2463
2464
2465
2466
2467
2468
2469
2470
2471
2473
2474
2475
2476
2477
2478
2479
2480
2482
2483
2484
2485
2487
2489
2491
2492
2493
2494
2496
2497
2499
2500
2501
2505
2506
2508
2510
2512
2515
2516
2517
2518
2519
2520
2521
2528
2531
2532
2533
2534
2535
2542
2543
2544
2546
2547
2548
2549
2550
2551
2555
2556
2557
2558
2559
2562
2563
2564
2565
2566
2568
2569
2571
2576
2577
2578
2579
2580
2581
2582
2583
2584
2585
2586
2589
2590
2591
2592
2593
2594
2595
2596
2597
2598
2599
2600
2601
2602
2604
2605
2606
2607
2608
2609
2612
2613
2614
2615
2619
2620
2621
2629
2631
2632
2633
2634
2635
2636
2637
2638
2639
2640
2641
2642
2643
2644
2646
2647
2649
2650
2651
2652
2654
2655
2656
2658
2659
2660
2661
2662
2664
2668
2670
2671
2672
2673
2674
2675
2677
2678
2680
2681
2682
2683
2684
2686
2688
2690
2691
2692
2693
2694
2696
2697
2698
2702
2703
2704
2705
2706
2709
2710
2712
2715
2716
2717
2718
2719
2720
2723
2725
2726
2727
2730
2731
2732
2733
2734
2737
2738
2739
2740
2741
2742
2743
2744
2745
2746
2747
2751
2752
2753
2754
2756
2757
2758
2759
2760
2761
2762
2763
2764
2766
2767
2768
2769
2770
2772
2775
2776
2777
2778
2779
2780
2781
2782
2783
2784
2785
2786
2787
2788
2789
2790
2791
2792
2793
2794
2795
2799
2800
2801
2802
2803
2804
2805
2807
2808
2810
2811
2812
2813
2814
2817
2818
2819
2820
2821
2823
2828
2829
2830
2831
2832
2839
2840
2842
2843
2845
2846
2847
2848
2849
2850
2852
2854
2856
2857
2858
2862
2863
2864
2865
2866
2867
2870
2871
2872
2873
2874
2876
2877
2878
2879
2880
2882
2883
2887
2888
2890
2891
2892
2893
2894
2895
2896
2897
2898
2899
2900
2901
2902
2903
2908
2909
2910
2911
2912
2913
2914
2915
2916
2917
2918
2919
2920
2921
2925
2926
2928
2929
2930
2931
2932
2933
2934
2935
2936
2937
2938
2939
2940
2941
2942
2943
2944
2945
2946
2947
2948
2950
2951
2952
2953
2954
2955
2957
2958
2959
2960
2961
2962
2963
2964
2965
2966
2967
2968
2970
2971
2972
2973
2974
2975
2977
2978
2979
2980
2981
2982
2983
2984
2985
2986
2987
2988
2993
2994
2995
2996
2998
2999
3001
3002
3003
3004
3006
3007
3008
3009
3010
3011
3012
3013
3014
3015
3021
3022
3023
3025
3026
3028
3029
3030
3031
3034
3035
3036
3037
3038
3039
3040
3041
3042
3044
3045
3047
3048
3049
3050
3051
3059
3060
3061
3062
3066
3069
3070
3072
3073
3074
3076
3077
3078
3079
3080
3081
3082
3084
3085
3086
3087
3088
3089
3090
3092
3094
3095
3096
3099
3100
3102
3103
3104
3105
3106
3107
3110
3112
3113
3117
3118
3119
3122
3123
3124
3125
3126
3128
3129
3130
3132
3134
3135
3136
3137
3138
3139
3143
3145
3146
3149
3151
3153
3154
3155
3156
3157
3158
3159
3160
3162
3163
3164
3165
3167
3168
3169
3170
3171
3173
3174
3175
3176
3178
3180
3181
3182
3183
3184
3189
3193
3194
3195
3196
3197
3198
3199
3203
3204
3206
3207
3208
3209
3210
3211
3213
3217
3218
3219
3220
3223
3224
3225
3226
3227
3228
3229
3230
3233
3234
3235
3236
3237
3238
3239
3241
3243
3244
3245
3246
3247
3251
3252
3253
3254
3255
3256
3257
3258
3260
3261
3262
3263
3264
3265
3266
3267
3268
3269
3270
3273
3274
3275
3276
3277
3279
3280
3281
3282
3283
3286
3287
3289
3290
3291
3298
3301
3302
3303
3304
3305
3308
3309
3310
3311
3315
3316
3317
3318
3319
3320
3321
3322
3323
3324
3325
3326
3327
3328
3329
3330
3331
3332
3333
3334
3337
3338
3339
3340
3341
3342
3343
3344
3345
3346
3347
3348
3349
3350
3351
3352
3353
3354
3355
3356
3357
3358
3359
3360
3361
3362
3365
3366
3367
3368
3370
3371
3372
3373
3374
3375
3376
3377
3378
3379
3383
3384
3385
3386
3387
3388
3390
3393
3396
3397
3400
3401
3402
3405
3406
3411
3413
3414
3415
3416
3417
3418
3419
3420
3422
3423
3424
3425
3430
3431
3432
3433
3436
3437
3438
3441
3442
3443
3444
3445
3446
3447
3449
3450
3451
3452
3453
3454
3455
3456
3457
3458
3459
3460
3461
3462
3463
3464
3467
3468
3469
3470
3472
3473
3475
3478
3479
3480
3481
3482
3483
3484
3485
3486
3490
3492
3493
3494
3495
3497
3498
3499
3500
3502
3503
3504
3505
3506
3508
3509
3510
3511
3516
3518
3519
3520
3521
3522
3523
3524
3525
3526
3529
3530
3532
3533
3534
3535
3536
3537
3538
3539
3540
3543
3545
3546
3547
3550
3551
3552
3553
3555
3557
3558
3559
3560
3561
3562
3566
3567
3568
3569
3570
3571
3572
3573
3574
3575
3576
3577
3578
3579
3585
3588
3589
3590
3591
3592
3593
3594
3596
3597
3598
3599
3600
3602
3603
3605
3606
3607
3608
3609
3611
3612
3615
3616
3619
3620
3621
3625
3628
3629
3630
3633
3634
3636
3637
3639
3640
3641
3647
3648
3649
3650
3651
3652
3660
3661
3662
3664
3665
3666
3667
3668
3669
3670
3671
3672
3674
3675
3676
3677
3678
3680
3681
3682
3683
3684
3685
3686
3687
3688
3689
3692
3693
3694
3695
3696
3697
3700
3701
3702
3704
3705
3706
3707
3708
3709
3710
3711
3712
3713
3714
3715
3716
3720
3721
3722
3723
3724
3725
3727
3728
3729
3730
3735
3736
3737
3738
3739
3740
3743
3744
3745
3746
3747
3748
3749
3750
3751
3753
3757
3758
3759
3762
3763
3764
3765
3766
3767
3769
3770
3771
3773
3774
3775
3776
3777
3778
3780
3781
3782
3783
3784
3785
3786
3787
3788
3790
3791
3792
3796
3797
3798
3799
3801
3802
3805
3807
3808
3809
3811
3812
3814
3815
3816
3821
3822
3823
3824
3825
3826
3827
3828
3829
3830
3833
3834
3836
3837
3839
3841
3842
3843
3844
3845
3846
3847
3848
3849
3850
3851
3854
3855
3859
3860
3861
3862
3863
3864
3865
3868
3869
3870
3871
3872
3873
3874
3875
3876
3877
3878
3879
3880
3881
3884
3885
3886
3887
3888
3890
3891
3892
3893
3895
3896
3897
3898
3899
3900
3901
3902
3904
3905
3906
3907
3908
3909
3911
3915
3916
3917
3918
3919
3920
3924
3925
3926
3927
3928
3929
3930
3931
3932
3933
3934
3935
3936
3937
3938
3939
3940
3943
3944
3946
3947
3953
3954
3955
3957
3958
3959
3961
3962
3963
3964
3965
3966
3967
3969
3970
3971
3972
3973
3977
3978
3979
3980
3981
3983
3984
3988
3989
3990
3996
3997
3998
3999
4000
4001
4002
4003
4004
4005
4006
4008
4012
4013
4014
4015
4018
4019
4020
4021
4022
4023
4024
4025
4026
4030
4031
4032
4033
4038
4039
4040
4041
4044
4050
4051
4052
4053
4054
4057
4058
4059
4060
4061
4062
4063
4064
4065
4066
4067
4068
4070
4071
4073
4074
4075
4076
4079
4080
4081
4082
4089
4090
4091
4093
4096
4097
4098
4099
4100
4101
4102
4103
4104
4105
4106
4107
4108
4109
4110
4111
4112
4113
4115
4116
4117
4122
4123
4124
4125
4126
4127
4128
4130
4131
4139
4143
4148
4151
4152
4153
4154
4155
4156
4157
4158
4160
4161
4162
4163
4164
4166
4167
4168
4169
4170
4171
4172
4173
4174
4175
4176
4180
4181
4182
4183
4184
4185
4186
4187
4188
4189
4190
4191
4192
4193
4194
4195
4196
4197
4199
4200
4201
4202
4203
4204
4205
4206
4207
4208
4209
4210
4211
4213
4214
4215
4216
4217
4218
4219
4220
4223
4225
4227
4228
4229
4233
4235
4236
4237
4238
4239
4240
4241
4243
4244
4245
4246
4247
4248
4249
4250
4251
4252
4253
4254
4255
4256
4257
4261
4263
4264
4265
4267
4268
4269
4270
4271
4273
4275
4276
4277
4278
4281
4283
4285
4287
4288
4290
4291
4292
4293
4294
4295
4296
4297
4298
4299
4300
4301
4302
4303
4304
4305
4306
4307
4308
4309
4311
4312
4313
4314
4316
4320
4321
4322
4323
4324
4325
4326
4329
4330
4331
4332
4334
4336
4337
4338
4340
4341
4342
4343
4344
4345
4363
4370
4371
4372
4373
4374
4375
4376
4377
4378
4379
4380
4381
4384
4385
4386
4388
4389
4390
4392
4394
4395
4397
4398
4399
4400
4402
4403
4404
4405
4407
4412
4415
4416
4417
4418
4419
4420
4421
4422
4423
4424
4425
4426
4427
4428
4429
4431
4434
4435
4436
4437
4438
4439
4440
4441
4443
4444
4445
4446
4447
4448
4449
4450
4453
4454
4455
4456
4457
4459
4460
4461
4463
4465
4466
4467
4468
4473
4474
4477
4481
4482
4483
4486
4487
4488
4489
4490
4492
4493
4494
4495
4499
4502
4503
4504
4505
4506
4507
4508
4509
4510
4511
4512
4513
4514
4515
4517
4518
4519
4520
4521
4522
4523
4524
4525
4526
4527
4529
4530
4531
4532
4549
4550
4551
4559
4560
4561
4562
4563
4564
4565
4566
4567
4568
4569
4570
4571
4573
4574
4575
4576
4577
4578
4579
4580
4581
4582
4584
4585
4586
4587
4589
4590
4591
4592
4593
4594
4595
4596
4597
4599
4600
4601
4602
4603
4604
4605
4606
4607
4608
4609
4610
4611
4614
4615
4617
4618
4620
4621
4622
4623
4624
4625
4626
4628
4630
4631
4632
4633
4634
4635
4637
4638
4639
4641
4642
4643
4644
4645
4646
4647
4648
4649
4650
4651
4652
4653
4654
4655
4656
4657
4658
4659
4660
4661
4665
4666
4667
4668
4669
4670
4677
4679
4680
4682
4683
4684
4687
4688
4689
4691
4692
4693
4694
4695
4697
4698
4699
4700
4701
4702
4704
4709
4710
4713
4714
4715
4723
4724
4725
4726
4727
4729
4731
4732
4733
4734
4735
4736
4739
4740
4741
4742
4745
4748
4749
4752
4755
4756
4757
4758
4760
4761
4762
4763
4764
4765
4766
4767
4771
4772
4773
4774
4775
4776
4777
4778
4779
4780
4781
4784
4788
4789
4790
4791
4792
4793
4794
4795
4796
4797
4798
4799
4800
4801
4802
4803
4804
4805
4806
4807
4808
4809
4812
4813
4814
4815
4818
4819
4820
4821
4822
4826
4827
4828
4829
4830
4832
4833
4834
4835
4836
4837
4839
4841
4842
4843
4844
4845
4846
4847
4848
4849
4850
4851
4852
4853
4854
4855
4857
4859
4860
4861
4862
4863
4864
4865
4870
4871
4872
4873
4874
4875
4876
4877
4879
4880
4881
4882
4883
4884
4885
4886
4887
4888
4889
4890
4891
4892
4893
4894
4895
4896
4897
4898
4899
4900
4901
4902
4904
4906
4907
4913
4914
4915
4916
4917
4920
4922
4923
4924
4925
4927
4928
4929
4930
4931
4932
4933
4934
4936
4937
4939
4940
4942
4943
4944
4945
4946
4947
4948
4949
4950
4951
4952
4953
4956
4957
4958
4961
4962
4963
4964
4970
4971
4972
4973
4981
4982
4983
4984
4986
4987
4988
4989
4990
4992
4993
4994
4995
4997
4998
4999
5000
5001
5002
5003
5004
5005
5006
5007
5008
5009
5010
5016
5017
5018
5019
5020
5021
5024
5028
5029
5030
5036
5037
5038
5039
5040
5041
5042
5043
5045
5046
5047
5048
5049
5050
5051
5052
5053
5055
5056
5057
5058
5059
5060
5061
5062
5063
5064
5065
5066
5067
5068
5069
5070
5071
5072
5073
5075
5076
5077
5078
5079
5080
5081
5083
5084
5085
5086
5087
5088
5089
5090
5091
5093
5094
5095
5098
5099
5100
5102
5103
5109
5110
5115
5116
5117
5118
5119
5120
5121
5122
5123
5124
5125
5127
5128
5129
5130
5131
5132
5136
5137
5138
5139
5140
5141
5142
5143
5145
5146
5148
5152
5153
5155
5156
5157
5158
5159
5160
5161
5168
5169
5170
5171
5172
5173
5174
5177
5178
5180
5181
5183
5184
5185
5186
5187
5188
5189
5190
5191
5192
5193
5194
5195
5196
5197
5198
5199
5200
5202
5205
5206
5208
5209
5211
5212
5213
5214
5215
5216
5218
5219
5220
5221
5222
5223
5224
5225
5226
5227
5228
5229
5230
5231
5232
5233
5234
5236
5238
5240
5241
5244
5246
5249
5251
5252
5253
5254
5257
5258
5259
5261
5262
5263
5264
5265
5266
5267
5268
5269
5270
5275
5276
5277
5279
5280
5281
5282
5283
5284
5285
5286
5287
5288
5289
5290
5291
5292
5293
5294
5295
5298
5300
5302
5303
5304
5306
5310
5311
5312
5313
5314
5315
5316
5317
5318
5319
5320
5321
5322
5326
5327
5329
5333
5334
5335
5336
5337
5338
5339
5340
5345
5347
5349
5350
5351
5352
5353
5354
5355
5356
5357
5359
5360
5361
5365
5366
5367
5368
5372
5373
5376
5379
5380
5381
5382
5384
5386
5387
5388
5389
5390
5391
5392
5395
5396
5397
5398
5399
5400
5401
5403
5404
5406
5407
5408
5409
5410
5411
5412
5416
5421
5422
5423
5424
5425
5426
5427
5428
5429
5430
5432
5433
5434
5435
5436
5437
5440
5441
5442
5443
5444
5448
5449
5450
5451
5452
5453
5454
5455
5456
5459
5460
5462
5463
5464
5465
5466
5467
5468
5469
5470
5472
5473
5474
5475
5477
5478
5479
5480
5481
5482
5484
5486
5487
5488
5489
5490
5491
5492
5493
5494
5495
5499
5500
5501
5506
5507
5510
5511
5512
5513
5514
5515
5516
5519
5520
5521
5522
5523
5524
5525
5526
5528
5529
5530
5531
5532
5533
5534
5535
5536
5537
5538
5539
5540
5541
5543
5544
5545
5547
5548
5549
5550
5554
5555
5557
5559
5560
5561
5562
5563
5564
5565
5566
5567
5568
5569
5570
5571
5572
5574
5578
5579
5581
5582
5583
5587
5588
5589
5590
5593
5594
5595
5596
5597
5598
5599
5600
5601
5602
5603
5606
5610
5611
5614
5615
5616
5617
5618
5619
5620
5621
5622
5623
5624
5625
5626
5628
5629
5630
5631
5632
5634
5637
5638
5640
5641
5642
5644
5645
5646
5647
5649
5652
5653
5654
5655
5656
5659
5660
5661
5662
5663
5664
5667
5668
5669
5670
5671
5672
5673
5674
5675
5676
5677
5678
5680
5681
5684
5685
5687
5688
5689
5690
5691
5692
5693
5694
5696
5697
5698
5699
5700
5701
5702
5703
5704
5705
5706
5707
5708
5709
5710
5712
5714
5715
5716
5717
5718
5719
5721
5722
5724
5725
5726
5727
5740
5741
5742
5743
5744
5745
5746
5747
5748
5749
5752
5760
5761
5762
5763
5765
5768
5769
5770
5771
5772
5773
5774
5775
5776
5777
5778
5780
5781
5783
5784
5788
5790
5791
5793
5794
5795
5796
5797
5798
5799
5800
5801
5802
5803
5805
5806
5807
5810
5812
5813
5814
5815
5816
5817
5819
5822
5824
5825
5826
5827
5828
5829
5830
5831
5833
5834
5835
5837
5838
5840
5841
5842
5847
5848
5850
5852
5853
5854
5855
5856
5857
5858
5859
5860
5861
5863
5864
5865
5867
5868
5869
5870
5871
5873
5874
5875
5876
5877
5882
5883
5884
5885
5886
5887
5888
5889
5890
5892
5895
5897
5898
5905
5906
5907
5908
5909
5910
5911
5912
5915
5916
5922
5924
5925
5926
5927
5928
5929
5930
5935
5940
5941
5942
5944
5945
5948
5949
5950
5951
5952
5953
5955
5956
5957
5960
5961
5962
5963
5964
5966
5967
5968
5969
5970
5971
5972
5973
5974
5975
5977
5978
5980
5981
5982
5983
5984
5986
5988
5990
5991
5992
5995
5996
5997
5998
6000
6001
6003
6004
6005
6006
6007
6008
6009
6012
6015
6016
6017
6018
6019
6020
6021
6022
6023
6024
6025
6027
6028
6029
6030
6031
6032
6033
6034
6035
6036
6037
6038
6042
6043
6044
6045
6047
6048
6053
6054
6056
6057
6058
6062
6063
6064
6065
6067
6068
6069
6070
6071
6072
6073
6074
6075
6077
6079
6085
6086
6091
6094
6098
6099
6100
6101
6106
6107
6108
6109
6110
6111
6112
6113
6114
6115
6116
6118
6119
6121
6122
6123
6125
6126
6127
6128
6129
6130
6131
6133
6135
6136
6138
6139
6140
6141
6142
6143
6144
6145
6146
6147
6151
6152
6153
6155
6156
6158
6159
6160
6162
6163
6164
6165
6167
6168
6169
6170
6172
6173
6174
6175
6182
6185
6186
6187
6188
6189
6190
6191
6192
6193
6194
6195
6196
6198
6200
6201
6202
6203
6208
6209
6210
6211
6212
6213
6214
6216
6218
6219
6220
6221
6222
6223
6224
6225
6226
6227
6228
6229
6230
6234
6235
6236
6237
6238
6239
6240
6241
6242
6243
6244
6247
6248
6249
6250
6251
6253
6254
6256
6257
6258
6259
6260
6261
6262
6265
6266
6267
6268
6270
6272
6273
6276
6277
6279
6283
6285
6286
6287
6289
6290
6291
6292
6293
6295
6296
6298
6299
6300
6301
6302
6304
6305
6306
6307
6308
6309
6312
6313
6314
6315
6316
6317
6318
6319
6320
6321
6322
6323
6324
6326
6327
6328
6330
6331
6332
6333
6336
6337
6338
6339
6340
6342
6343
6344
6345
6349
6350
6356
6357
6360
6361
6362
6363
6367
6368
6369
6371
6372
6373
6375
6376
6377
6378
6379
6380
6381
6382
6383
6384
6385
6386
6387
6389
6390
6391
6392
6393
6394
6395
6396
6399
6400
6401
6402
6404
6405
6406
6407
6409
6410
6411
6413
6414
6415
6420
6423
6424
6425
6426
6427
6429
6430
6431
6433
6434
6435
6436
6437
6438
6439
6441
6442
6443
6444
6445
6446
6447
6451
6456
6457
6458
6459
6460
6462
6463
6464
6465
6466
6467
6468
6469
6470
6471
6472
6473
6474
6475
6476
6477
6478
6479
6480
6481
6482
6483
6485
6486
6487
6488
6489
6490
6491
6492
6493
6494
6495
6496
6497
6498
6499
6500
6501
6502
6503
6504
6505
6506
6507
6508
6509
6510
6511
6512
6513
6514
6515
6516
6517
6518
6519
6521
6522
6523
6524
6525
6526
6527
6528
6529
6530
6531
6533
6534
6535
6537
6538
6540
6542
6543
6545
6546
6547
6548
6549
6551
6552
6553
6554
6555
6556
6558
6559
6561
6562
6563
6565
6567
6568
6569
6570
6575
6583
6585
6586
6591
6592
6593
6594
6596
6597
6598
6599
6600
6601
6603
6604
6605
6606
6608
6609
6610
6611
6612
6613
6614
6615
6617
6618
6619
6620
6625
6627
6628
6629
6630
6631
6632
6633
6634
6635
6636
6637
6638
6639
6640
6641
6642
6646
6647
6648
6649
6653
6654
6655
6656
6657
6658
6659
6660
6661
6664
6668
6670
6671
6672
6673
6674
6676
6677
6678
6679
6680
6681
6683
6684
6685
6687
6689
6690
6691
6693
6694
6695
6696
6697
6698
6699
6700
6701
6702
6703
6707
6708
6710
6711
6712
6713
6714
6715
6716
6717
6718
6719
6720
6721
6722
6723
6724
6725
6726
6727
6728
6729
6730
6731
6732
6733
6734
6736
6737
6738
6739
6740
6741
6742
6743
6744
6745
6746
6747
6748
6749
6750
6751
6752
6753
6754
6755
6756
6757
6758
6759
6760
6761
6762
6763
6764
6767
6770
6771
6772
6773
6774
6776
6778
6779
6783
6784
6785
6786
6788
6789
6790
6791
6792
6793
6805
6806
6810
6811
6816
6817
6818
6819
6820
6821
6824
6825
6826
6827
6828
6829
6830
6837
6838
6839
6840
6841
6842
6843
6844
6845
6846
6847
6850
6851
6852
6853
6854
6857
6858
6859
6860
6861
6865
6866
6867
6870
6871
6874
6875
6877
6878
6879
6880
6881
6883
6884
6886
6887
6891
6892
6893
6894
6895
6896
6897
6898
6899
6900
6901
6903
6905
6906
6907
6908
6909
6910
6911
6913
6914
6915
6916
6917
6918
6919
6920
6921
6922
6923
6925
6926
6927
6928
6929
6930
6931
6932
6933
6934
6935
6936
6937
6938
6939
6942
6943
6944
6945
6946
6947
6948
6949
6950
6951
6953
6954
6955
6956
6958
6959
6960
6961
6962
6963
6964
6965
6966
6971
6972
6973
6974
6975
6977
6985
6986
6987
6989
6990
6991
6992
6993
6994
6995
6998
6999
7000
7001
7006
7007
7008
7009
7010
7011
7012
7013
7014
7015
7016
7018
7019
7021
7024
7025
7026
7027
7028
7030
7031
7032
7033
7034
7035
7036
7037
7040
7041
7044
7045
7046
7047
7048
7049
7050
7051
7052
7053
7054
7055
7056
7057
7059
7060
7061
7062
7064
7065
7066
7067
7068
7069
7070
7071
7072
7073
7078
7079
7080
7081
7082
7083
7084
7085
7086
7087
7089
7091
7092
7094
7097
7099
7100
7101
7102
7103
7104
7105
7106
7107
7108
7111
7112
7113
7114
7115
7116
7117
7118
7119
7120
7121
7122
7123
7124
7125
7126
7127
7128
7130
7132
7133
7137
7139
7141
7142
7143
7144
7145
7146
7147
7148
7149
7151
7152
7156
7157
7158
7161
7162
7163
7166
7169
7170
7171
7172
7174
7175
7177
7179
7180
7181
7182
7183
7184
7185
7186
7187
7188
7189
7190
7191
7192
7193
7196
7198
7200
7201
7202
7204
7206
7207
7209
7211
7213
7214
7215
7216
7217
7218
7219
7220
7222
7223
7224
7226
7227
7228
7232
7233
7234
7238
7239
7241
7242
7243
7245
7246
7247
7248
7250
7251
7252
7253
7254
7255
7256
7258
7260
7261
7263
7264
7265
7266
7267
7268
7271
7272
7274
7275
7276
7277
7279
7280
7281
7282
7283
7285
7287
7288
7289
7290
7291
7292
7293
7294
7296
7297
7298
7299
7300
7301
7302
7304
7306
7307
7308
7309
7311
7314
7316
7317
7320
7321
7322
7325
7326
7327
7328
7329
7330
7331
7332
7335
7336
7337
7341
7342
7343
7347
7349
7350
7351
7353
7354
7355
7356
7357
7358
7359
7361
7362
7363
7364
7365
7366
7367
7368
7369
7370
7371
7372
7373
7374
7375
7376
7377
7378
7379
7381
7383
7384
7385
7388
7389
7390
7391
7392
7393
7394
7396
7398
7404
7405
7406
7407
7409
7410
7411
7412
7414
7415
7416
7417
7418
7419
7420
7421
7422
7423
7424
7425
7426
7427
7431
7432
7434
7435
7436
7437
7440
7441
7443
7445
7452
7453
7458
7465
7466
7467
7468
7471
7472
7473
7475
7476
7477
7478
7479
7480
7481
7482
7483
7484
7486
7487
7488
7489
7490
7491
7492
7493
7494
7495
7497
7499
7504
7505
7506
7507
7508
7510
7513
7514
7515
7516
7517
7518
7521
7522
7523
7524
7525
7526
7527
7528
7530
7531
7532
7533
7534
7535
7536
7542
7543
7545
7547
7548
7549
7550
7551
7552
7553
7554
7556
7557
7560
7561
7562
7563
7564
7565
7566
7567
7568
7569
7570
7571
7572
7573
7574
7575
7576
7578
7580
7581
7583
7584
7585
7587
7588
7589
7591
7592
7595
7596
7597
7598
7599
7600
7601
7603
7604
7605
7606
7609
7610
7611
7612
7614
7615
7616
7617
7618
7619
7620
7621
7622
7623
7624
7627
7628
7629
7630
7631
7633
7634
7643
7644
7645
7646
7647
7648
7649
7650
7651
7655
7656
7657
7658
7659
7661
7662
7663
7668
7669
7670
7671
7674
7675
7677
7678
7679
7680
7681
7682
7683
7684
7685
7687
7689
7690
7692
7693
7694
7695
7696
7697
7698
7702
7703
7704
7705
7706
7707
7708
7709
7710
7711
7712
7713
7714
7715
7716
7718
7719
7720
7721
7723
7724
7725
7726
7727
7728
7731
7732
7735
7736
7737
7738
7739
7740
7741
7742
7745
7746
7747
7748
7749
7750
7751
7754
7755
7756
7757
7758
7759
7760
7764
7766
7767
7768
7769
7770
7772
7773
7774
7775
7776
7777
7778
7779
7780
7781
7782
7783
7784
7785
7786
7787
7788
7789
7790
7791
7792
7794
7795
7796
7797
7799
7801
7802
7803
7807
7809
7811
7812
7813
7814
7815
7816
7817
7819
7820
7821
7822
7823
7825
7826
7827
7829
7830
7831
7832
7833
7834
7835
7836
7843
7844
7845
7846
7847
7848
7849
7850
7854
7855
7856
7857
7859
7860
7866
7867
7868
7869
7871
7872
7876
7877
7878
7879
7880
7881
7882
7883
7884
7885
7886
7887
7888
7889
7890
7891
7892
7893
7894
7895
7896
7897
7901
7902
7903
7904
7905
7906
7907
7908
7909
7910
7911
7912
7913
7914
7915
7916
7917
7919
7920
7921
7922
7924
7925
7927
7928
7929
7933
7934
7935
7936
7937
7938
7940
7942
7943
7944
7945
7946
7947
7948
7949
7958
7959
7960
7962
7964
7965
7967
7970
7971
7972
7973
7974
7975
7976
7977
7978
7979
7984
7985
7986
7989
7990
7991
7992
7993
7994
7996
7997
7998
7999
8000
8001
8003
8005
8009
8010
8013
8014
8015
8017
8018
8019
8020
8021
8022
8023
8024
8025
8027
8028
8029
8030
8031
8032
8033
8036
8037
8038
8039
8040
8042
8043
8044
8045
8046
8047
8048
8049
8051
8053
8054
8055
8056
8057
8058
8059
8060
8061
8062
8063
8064
8067
8068
8069
8070
8071
8072
8073
8074
8078
8079
8080
8081
8082
8083
8085
8086
8087
8088
8092
8093
8094
8098
8099
8100
8101
8102
8103
8105
8106
8107
8108
8109
8110
8111
8112
8113
8114
8115
8116
8117
8118
8119
8120
8121
8122
8123
8124
8126
8127
8128
8129
8130
8131
8132
8133
8134
8135
8136
8137
8138
8139
8141
8147
8149
8150
8151
8152
8153
8154
8155
8156
8158
8159
8160
8161
8162
8163
8164
8165
8166
8172
8173
8174
8175
8176
8177
8178
8179
8180
8181
8182
8183
8184
8185
8186
8187
8188
8189
8190
8191
8193
8194
8195
8196
8197
8198
8199
8200
8203
8207
8209
8210
8211
8213
8219
8220
8221
8222
8226
8227
8228
8229
8230
8231
8232
8233
8234
8235
8236
8237
8239
8240
8241
8243
8244
8245
8246
8250
8251
8252
8253
8254
8255
8256
8258
8259
8260
8261
8262
8263
8264
8265
8266
8267
8268
8269
8270
8272
8274
8275
8279
8280
8281
8282
8283
8284
8285
8286
8287
8289
8290
8292
8295
8301
8302
8304
8306
8307
8308
8309
8310
8311
8312
8314
8315
8316
8317
8318
8319
8320
8321
8322
8323
8324
8326
8327
8328
8329
8335
8336
8337
8338
8339
8340
8341
8342
8343
8344
8347
8353
8354
8355
8356
8357
8358
8359
8360
8361
8363
8364
8365
8366
8367
8368
8369
8370
8371
8372
8373
8374
8375
8376
8377
8378
8379
8380
8381
8382
8383
8384
8385
8390
8392
8393
8394
8395
8396
8397
8398
8399
8400
8401
8402
8403
8404
8405
8406
8407
8408
8409
8410
8411
8412
8414
8417
8418
8420
8421
8422
8423
8424
8428
8429
8430
8431
8432
8433
8434
8435
8436
8437
8438
8439
8440
8441
8442
8443
8444
8446
8453
8454
8455
8457
8460
8461
8463
8464
8465
8466
8467
8468
8470
8471
8472
8473
8474
8475
8476
8478
8484
8485
8486
8487
8488
8489
8490
8491
8492
8493
8494
8496
8497
8498
8499
8500
8503
8504
8506
8507
8508
8509
8510
8511
8517
8518
8519
8520
8521
8522
8523
8524
8525
8526
8529
8530
8531
8532
8533
8534
8535
8536
8537
8539
8540
8542
8543
8544
8545
8546
8547
8548
8549
8553
8555
8556
8558
8563
8564
8566
8567
8568
8571
8572
8573
8574
8575
8576
8578
8581
8584
8589
8590
8591
8592
8593
8594
8595
8596
8597
8598
8599
8600
8602
8603
8604
8605
8606
8608
8617
8618
8619
8620
8621
8622
8623
8624
8625
8626
8629
8630
8632
8633
8634
8636
8637
8638
8639
8640
8642
8643
8645
8646
8647
8648
8649
8650
8651
8652
8653
8654
8655
8660
8663
8664
8665
8671
8672
8674
8675
8676
8677
8678
8679
8680
8681
8682
8683
8685
8691
8692
8693
8694
8695
8696
8697
8698
8699
8700
8701
8702
8703
8705
8708
8709
8710
8711
8712
8716
8718
8719
8720
8721
8722
8723
8728
8731
8734
8736
8737
8738
8739
8740
8741
8742
8744
8746
8750
8751
8752
8753
8754
8756
8757
8758
8759
8761
8762
8763
8764
8765
8766
8767
8768
8770
8771
8772
8773
8774
8775
8776
8777
8778
8779
8782
8783
8784
8785
8786
8787
8788
8789
8790
8791
8792
8795
8796
8797
8798
8799
8800
8801
8802
8803
8805
8806
8808
8811
8812
8813
8815
8816
8818
8820
8821
8822
8823
8824
8825
8827
8828
8829
8830
8831
8832
8834
8836
8838
8839
8845
8846
8847
8848
8849
8850
8851
8852
8854
8855
8856
8857
8858
8859
8860
8862
8863
8864
8865
8866
8867
8868
8869
8870
8871
8872
8873
8874
8875
8876
8877
8878
8879
8880
8881
8882
8883
8884
8886
8887
8888
8889
8891
8892
8893
8895
8896
8897
8898
8899
8900
8901
8902
8903
8904
8906
8909
8910
8911
8912
8914
8915
8919
8920
8921
8923
8924
8928
8929
8930
8931
8932
8933
8934
8936
8938
8939
8940
8941
8942
8945
8946
8947
8948
8949
8950
8952
8953
8954
8955
8956
8958
8960
8964
8965
8967
8968
8970
8971
8972
8974
8975
8976
8977
8978
8979
8980
8981
8982
8983
8984
8985
8986
8987
8988
8989
8990
8991
8992
8993
8994
8995
8996
8997
8998
9001
9002
9004
9007
9009
9010
9013
9015
9016
9018
9020
9021
9022
9023
9025
9026
9027
9028
9029
9030
9031
9032
9033
9034
9039
9040
9041
9042
9049
9050
9051
9053
9054
9055
9063
9065
9067
9068
9069
9070
9071
9073
9074
9075
9076
9077
9078
9079
9080
9081
9083
9084
9085
9086
9087
9088
9090
9091
9093
9094
9100
9101
9102
9103
9104
9106
9107
9108
9109
9141
9142
9143
9144
9150
9152
9153
9154
9155
9156
9157
9158
9159
9160
9161
9162
9163
9164
9165
9166
9167
9168
9169
9170
9172
9173
9176
9177
9178
9180
9181
9182
9183
9186
9187
9188
9189
9190
9191
9195
9196
9197
9198
9199
9200
9201
9202
9203
9204
9205
9207
9208
9209
9210
9211
9212
9213
9214
9215
9216
9217
9218
9221
9223
9224
9227
9228
9229
9230
9231
9232
9233
9234
9235
9236
9237
9239
9240
9241
9242
9243
9244
9245
9248
9250
9252
9253
9254
9257
9258
9262
9263
9264
9265
9269
9271
9274
9275
9276
9282
9283
9284
9285
9286
9287
9288
9290
9296
9297
9298
9300
9301
9302
9305
9306
9307
9308
9309
9310
9314
9317
9322
9323
9324
9325
9329
9330
9334
9335
9336
9337
9338
9341
9343
9348
9349
9351
9352
9353
9354
9355
9356
9357
9358
9359
9362
9364
9365
9366
9369
9370
9373
9374
9377
9378
9379
9380
9381
9382
9383
9386
9387
9388
9389
9390
9392
9393
9396
9397
9399
9400
9402
9403
9404
9405
9406
9407
9409
9410
9411
9413
9414
9415
9416
9417
9418
9420
9421
9422
9424
9430
9431
9432
9433
9434
9435
9442
9443
9444
9447
9448
9449
9450
9451
9452
9453
9455
9456
9457
9458
9459
9460
9461
9462
9472
9473
9474
9475
9476
9477
9478
9480
9481
9482
9484
9485
9486
9487
9488
9489
9490
9491
9492
9493
9494
9498
9499
9500
9501
9502
9503
9504
9505
9506
9507
9516
9517
9519
9520
9522
9523
9524
9526
9527
9528
9529
9530
9532
9533
9534
9535
9536
9537
9541
9542
9543
9544
9545
9547
9549
9550
9559
9561
9562
9563
9564
9567
9568
9569
9570
9571
9572
9573
9574
9575
9576
9577
9578
9579
9580
9581
9582
9583
9585
9588
9589
9590
9591
9592
9593
9594
9595
9596
9597
9598
9599
9600
9601
9602
9603
9604
9605
9606
9607
9608
9609
9611
9612
9613
9615
9618
9623
9624
9625
9629
9630
9631
9632
9633
9634
9635
9636
9637
9638
9639
9640
9641
9642
9643
9644
9645
9648
9649
9651
9652
9655
9657
9658
9659
9660
9661
9662
9663
9664
9665
9666
9667
9668
9669
9672
9673
9674
9675
9676
9677
9682
9683
9684
9685
9686
9687
9688
9689
9690
9692
9693
9694
9695
9696
9697
9698
9700
9701
9702
9713
9714
9715
9716
9717
9718
9719
9720
9721
9722
9741
9742
9743
9744
9745
9748
9749
9750
9752
9753
9754
9755
9756
9757
9758
9759
9760
9761
9762
9763
9768
9769
9772
9773
9774
9783
9784
9786
9787
9788
9789
9790
9791
9792
9793
9794
9795
9796
9797
9798
9806
9807
9808
9809
9810
9811
9812
9813
9814
9815
9816
9817
9818
9819
9820
9824
9827
9828
9831
9833
9834
9835
9837
9838
9839
9840
9841
9842
9845
9847
9848
9849
9851
9855
9856
9859
9860
9861
9862
9865
9870
9871
9873
9874
9875
9876
9879
9880
9881
9882
9883
9884
9885
9886
9888
9892
9893
9894
9895
9896
9897
9898
9899
9900
9901
9902
9903
9904
9905
9906
9908
9909
9910
9911
9912
9913
9914
9915
9917
9918
9933
9936
9937
9938
9940
9941
9942
9943
9944
9945
9949
9950
9951
9952
9953
9954
9958
9960
9961
9962
9963
9968
9969
9970
9972
9973
9974
9975
9976
9977
9978
9979
9981
9983
9987
9988
9989
9990
9992
9993
9994
9995
9996
9997
9998
9999
10000
10001
10002
10003
10004
10006
10011
10015
10016
10017
10018
10019
10020
10024
10027
10028
10029
10030
10031
10032
10033
10034
10035
10036
10037
10038
10039
10040
10041
10042
10043
10044
10045
10046
10047
10048
10049
10050
10051
10052
10053
10054
10055
10056
10057
10058
10060
10061
10062
10063
10069
10070
10071
10072
10073
10075
10078
10079
10081
10083
10084
10085
10086
10087
10088
10089
10090
10091
10092
10093
10094
10095
10096
10097
10098
10099
10103
10104
10106
10110
10111
10112
10113
10114
10115
10116
10117
10118
10119
10120
10121
10122
10123
10124
10125
10126
10127
10128
10129
10130
10131
10132
10134
10135
10136
10138
10139
10141
10142
10144
10145
10146
10147
10149
10150
10151
10152
10153
10154
10155
10156
10157
10159
10164
10165
10166
10167
10168
10170
10171
10172
10173
10174
10175
10176
10177
10178
10179
10180
10181
10182
10183
10184
10185
10187
10189
10190
10191
10192
10195
10196
10197
10198
10199
10200
10201
10202
10203
10204
10208
10209
10210
10213
10214
10215
10216
10218
10219
10220
10221
10222
10223
10224
10230
10231
10232
10233
10234
10235
10236
10237
10238
10239
10240
10241
10242
10243
10244
10249
10250
10251
10253
10254
10255
10256
10257
10258
10261
10265
10266
10269
10270
10271
10272
10273
10274
10276
10278
10280
10281
10282
10284
10285
10286
10287
10288
10289
10290
10291
10292
10293
10294
10295
10296
10297
10299
10300
10303
10304
10306
10308
10309
10310
10311
10314
10315
10316
10317
10318
10319
10320
10324
10325
10326
10327
10332
10333
10334
10335
10336
10338
10339
10340
10341
10342
10344
10347
10348
10349
10350
10351
10352
10353
10355
10356
10357
10358
10359
10360
10361
10362
10363
10364
10365
10366
10367
10368
10369
10370
10371
10372
10373
10374
10375
10376
10381
10382
10383
10384
10385
10386
10387
10388
10389
10390
10391
10392
10393
10394
10397
10398
10399
10400
10401
10404
10405
10406
10407
10408
10409
10410
10411
10413
10416
10417
10420
10422
10423
10424
10425
10426
10427
10428
10429
10430
10431
10432
10433
10434
10435
10436
10437
10438
10439
10440
10441
10442
10443
10444
10445
10446
10447
10448
10449
10450
10451
10452
10453
10455
10456
10457
10458
10466
10467
10468
10469
10471
10472
10473
10474
10475
10476
10477
10481
10482
10483
10484
10486
10487
10488
10489
10490
10491
10492
10493
10494
10495
10497
10498
10500
10501
10502
10503
10504
10505
10506
10507
10508
10509
10511
10515
10516
10517
10518
10520
10521
10523
10525
10526
10527
10528
10529
10531
10532
10533
10534
10536
10537
10541
10542
10546
10549
10550
10551
10553
10554
10555
10556
10558
10559
10560
10561
10562
10565
10566
10567
10568
10569
10570
10571
10573
10574
10575
10577
10579
10580
10581
10585
10586
10587
10588
10589
10590
10591
10592
10593
10594
10595
10596
10597
10598
10599
10602
10603
10604
10605
10606
10607
10608
10609
10610
10611
10612
10614
10615
10616
10617
10618
10619
10620
10621
10622
10623
10624
10625
10627
10628
10629
10630
10631
10632
10633
10634
10635
10636
10637
10638
10640
10643
10644
10645
10646
10647
10650
10651
10652
10653
10654
10657
10658
10659
10660
10664
10666
10669
10670
10671
10673
10674
10675
10676
10677
10680
10681
10682
10683
10684
10689
10690
10691
10692
10693
10694
10695
10697
10698
10699
10701
10702
10703
10704
10705
10707
10708
10709
10710
10711
10712
10713
