ID
1
3
4
5
6
7
8
9
10
22
23
24
25
26
29
30
31
34
35
36
37
38
39
40
42
43
48
49
51
52
53
54
55
56
57
58
60
62
63
64
67
69
72
73
74
75
77
80
81
82
83
84
85
86
87
89
90
91
96
97
98
99
103
106
107
108
109
110
113
114
116
118
120
121
122
128
129
130
131
134
135
136
137
138
139
142
143
146
147
148
149
151
152
153
154
160
161
162
163
164
167
168
169
172
173
175
179
184
185
187
188
190
191
192
193
194
199
205
206
207
208
209
211
212
213
214
220
221
222
227
230
231
236
238
239
243
244
245
246
247
248
250
251
255
256
257
259
260
261
267
268
269
270
271
272
274
275
276
277
278
279
280
283
287
288
292
293
295
296
300
301
310
311
314
318
319
320
321
322
323
324
325
326
327
328
330
335
336
337
338
339
340
342
343
344
346
347
348
357
358
359
360
362
363
364
365
366
370
372
373
374
375
376
377
381
384
388
389
390
391
392
393
395
396
397
401
408
412
413
415
416
417
418
419
420
421
423
424
425
426
427
428
429
430
431
432
434
436
437
438
439
440
445
446
447
448
449
450
452
453
454
455
457
462
463
464
465
466
467
468
469
470
475
477
480
481
482
483
484
486
487
488
489
490
491
492
494
498
499
500
501
502
503
505
513
514
522
523
529
530
536
537
538
539
540
541
542
545
550
552
554
555
561
567
568
569
570
571
572
573
576
577
578
579
580
581
582
583
584
585
586
587
588
589
590
591
592
593
594
595
596
599
601
602
603
604
606
608
612
617
618
620
622
623
624
625
626
627
629
630
631
632
633
634
638
645
647
648
649
650
653
654
655
656
657
659
660
661
662
663
664
665
666
667
668
669
670
673
674
677
678
679
680
681
687
688
689
691
692
693
698
700
705
706
707
708
709
710
712
714
717
720
721
722
723
724
725
727
728
729
730
731
732
733
734
735
736
737
738
740
741
744
745
746
747
748
750
751
752
753
757
759
761
762
763
764
765
766
768
769
770
771
772
773
774
775
777
778
779
784
785
786
788
789
790
791
792
794
795
796
798
800
802
804
808
809
810
815
820
822
823
824
827
830
831
832
835
837
838
839
843
844
845
848
849
852
853
854
858
859
862
863
866
868
878
882
883
884
885
886
888
889
890
891
892
893
894
895
898
899
900
901
902
903
904
905
907
910
914
915
919
927
928
929
930
935
937
938
939
940
941
942
943
944
945
946
950
952
953
957
967
968
969
971
973
977
978
979
980
981
982
983
984
985
986
987
988
989
990
994
995
996
997
1002
1004
1011
1018
1026
1027
1028
1032
1034
1037
1038
1039
1040
1041
1042
1044
1045
1046
1047
1048
1050
1052
1053
1054
1055
1056
1057
1058
1059
1060
1062
1063
1066
1067
1069
1070
1071
1072
1075
1077
1078
1079
1080
1081
1084
1085
1086
1088
1090
1091
1092
1093
1094
1098
1101
1104
1105
1106
1110
1111
1113
1116
1122
1124
1125
1126
1127
1128
1129
1130
1136
1137
1139
1142
1143
1146
1148
1149
1150
1151
1158
1159
1160
1162
1163
1164
1165
1166
1167
1168
1169
1170
1172
1173
1178
1180
1181
1183
1191
1194
1199
1200
1216
1217
1223
1224
1225
1226
1227
1228
1229
1230
1231
1232
1233
1237
1238
1239
1240
1241
1242
1243
1244
1245
1246
1247
1248
1252
1253
1256
1257
1259
1260
1266
1267
1269
1270
1271
1272
1273
1274
1275
1277
1279
1282
1283
1284
1287
1293
1297
1298
1299
1307
1308
1309
1310
1311
1316
1317
1318
1319
1320
1321
1322
1325
1326
1327
1329
1340
1341
1347
1348
1349
1350
1352
1353
1364
1366
1367
1369
1371
1373
1374
1375
1378
1380
1381
1382
1383
1386
1387
1389
1390
1391
1392
1393
1394
1395
1396
1399
1400
1403
1404
1407
1408
1409
1410
1412
1413
1414
1416
1420
1425
1426
1427
1428
1429
1430
1431
1432
1434
1437
1439
1440
1441
1442
1443
1445
1446
1447
1452
1453
1454
1455
1456
1460
1464
1465
1466
1467
1468
1469
1470
1471
1472
1473
1474
1476
1477
1478
1482
1483
1485
1487
1488
1489
1490
1495
1496
1497
1498
1508
1517
1518
1519
1520
1521
1522
1523
1524
1525
1526
1527
1528
1529
1530
1531
1535
1539
1540
1543
1545
1546
1551
1552
1553
1554
1555
1556
1558
1559
1560
1563
1564
1567
1568
1570
1571
1572
1573
1577
1581
1583
1584
1585
1586
1590
1591
1592
1596
1597
1598
1599
1601
1602
1603
1609
1610
1611
1612
1615
1616
1618
1619
1620
1621
1622
1624
1625
1626
1628
1631
1632
1633
1634
1635
1636
1641
1643
1645
1647
1648
1651
1653
1655
1662
1668
1670
1672
1674
1675
1677
1678
1683
1684
1685
1686
1687
1689
1690
1694
1695
1696
1697
1698
1699
1700
1703
1704
1705
1706
1707
1708
1710
1712
1713
1715
1716
1717
1718
1719
1727
1728
1733
1734
1735
1738
1741
1742
1748
1751
1752
1753
1754
1758
1760
1761
1763
1765
1766
1768
1769
1770
1773
1775
1777
1778
1779
1780
1781
1782
1783
1784
1785
1786
1787
1788
1790
1791
1793
1794
1795
1796
1797
1798
1799
1800
1801
1802
1803
1804
1805
1806
1807
1808
1811
1813
1814
1817
1818
1819
1821
1822
1823
1824
1829
1830
1831
1833
1834
1835
1836
1837
1838
1839
1840
1841
1844
1845
1846
1847
1849
1850
1851
1852
1854
1855
1857
1859
1860
1863
1867
1868
1869
1870
1871
1872
1873
1874
1876
1880
1881
1882
1883
1885
1887
1888
1889
1890
1891
1895
1896
1899
1900
1905
1907
1909
1912
1913
1914
1919
1920
1921
1922
1923
1924
1925
1926
1927
1928
1929
1930
1931
1932
1933
1934
1935
1936
1937
1939
1940
1942
1944
1947
1948
1949
1951
1952
1953
1954
1956
1958
1959
1960
1961
1962
1963
1966
1967
1968
1969
1970
1971
1972
1973
1976
1977
1985
1987
1988
1989
1990
1992
1993
1994
2000
2001
2005
2006
2007
2008
2009
2010
2020
2021
2022
2024
2025
2026
2027
2028
2029
2030
2031
2032
2033
2036
2037
2038
2039
2040
2041
2043
2045
2048
2049
2052
2053
2054
2056
2061
2068
2069
2070
2071
2073
2074
2075
2076
2077
2078
2079
2084
2085
2088
2089
2090
2091
2092
2093
2094
2097
2098
2100
2101
2106
2107
2108
2109
2110
2111
2112
2113
2116
2117
2118
2120
2121
2123
2126
2133
2134
2135
2136
2137
2138
2140
2141
2142
2143
2145
2148
2149
2151
2164
2165
2166
2167
2171
2172
2173
2174
2175
2176
2178
2179
2185
2186
2187
2188
2194
2195
2196
2199
2200
2201
2202
2206
2211
2213
2214
2217
2218
2219
2220
2221
2222
2223
2224
2226
2228
2229
2230
2233
2234
2237
2240
2242
2244
2245
2246
2247
2248
2250
2251
2253
2255
2256
2259
2260
2261
2262
2267
2268
2269
2270
2271
2272
2275
2276
2278
2282
2283
2284
2285
2290
2294
2295
2296
2297
2298
2301
2302
2303
2307
2315
2316
2320
2321
2322
2323
2324
2325
2326
2327
2328
2329
2330
2331
2332
2333
2334
2335
2336
2337
2338
2339
2343
2349
2350
2351
2352
2353
2354
2355
2356
2357
2358
2361
2362
2363
2364
2365
2366
2367
2368
2369
2370
2372
2373
2377
2378
2379
2381
2382
2383
2384
2385
2386
2387
2388
2390
2391
2392
2393
2395
2396
2398
2399
2401
2403
2404
2405
2407
2408
2409
2410
2411
2412
2415
2416
2417
2419
2422
2425
2427
2428
2429
2430
2435
2436
2439
2440
2441
2447
2448
2449
2450
2453
2457
2458
2459
2460
2461
2463
2464
2465
2466
2467
2468
2469
2470
2471
2472
2473
2474
2475
2476
2477
2478
2479
2480
2481
2482
2483
2487
2489
2490
2493
2496
2497
2498
2500
2501
2506
2507
2508
2511
2512
2514
2517
2518
2519
2520
2521
2523
2524
2525
2526
2527
2528
2534
2535
2536
2538
2539
2540
2541
2542
2543
2544
2545
2547
2549
2550
2551
2554
2555
2556
2557
2558
2560
2562
2563
2565
2567
2568
2569
2570
2571
2572
2573
2574
2575
2576
2579
2580
2588
2590
2595
2596
2601
2602
2606
2608
2610
2613
2616
2617
2623
2625
2626
2628
2629
2630
2631
2632
2633
2635
2636
2637
2640
2641
2642
2643
2644
2645
2646
2648
2649
2652
2655
2657
2658
2659
2660
2661
2662
2663
2664
2665
2666
2667
2668
2669
2670
2673
2674
2677
2678
2681
2684
2689
2690
2691
2692
2693
2694
2698
2699
2700
2707
2708
2709
2710
2711
2712
2713
2714
2715
2719
2720
2721
2722
2723
2730
2731
2732
2733
2734
2735
2736
2737
2738
2744
2745
2746
2747
2749
2752
2753
2754
2755
2759
2760
2761
2762
2763
2764
2765
2766
2767
2768
2769
2770
2771
2772
2774
2775
2776
2779
2780
2781
2782
2785
2787
2788
2789
2790
2792
2793
2794
2797
2798
2799
2801
2802
2803
2808
2811
2812
2813
2814
2815
2816
2817
2818
2822
2823
2824
2825
2826
2827
2833
2834
2835
2836
2837
2839
2840
2841
2842
2844
2845
2847
2851
2852
2853
2854
2855
2856
2857
2861
2863
2864
2865
2866
2867
2868
2869
2870
2871
2872
2874
2875
2876
2877
2878
2879
2880
2881
2886
2895
2900
2907
2908
2913
2915
2916
2917
2918
2919
2920
2922
2923
2924
2925
2926
2928
2930
2931
2932
2933
2934
2935
2940
2941
2942
2944
2946
2947
2949
2950
2951
2952
2953
2955
2956
2957
2965
2966
2967
2968
2969
2970
2971
2973
2975
2977
2978
2979
2984
2986
2987
2988
2990
2991
2992
2995
2996
2997
2998
3000
3002
3005
3006
3011
3012
3013
3014
3016
3017
3020
3023
3024
3025
3026
3028
3030
3032
3033
3034
3036
3044
3045
3046
3047
3048
3049
3051
3052
3053
3054
3058
3059
3060
3061
3062
3063
3064
3069
3072
3074
3075
3076
3077
3078
3079
3080
3081
3082
3083
3086
3087
3092
3095
3097
3098
3100
3102
3103
3104
3105
3106
3107
3110
3112
3113
3114
3117
3132
3137
3138
3139
3140
3141
3142
3143
3144
3145
3147
3148
3150
3152
3153
3154
3156
3158
3159
3162
3164
3165
3168
3169
3170
3171
3172
3175
3177
3178
3179
3180
3181
3182
3183
3184
3190
3191
3192
3193
3194
3195
3196
3197
3198
3200
3201
3202
3203
3204
3205
3206
3207
3208
3210
3212
3213
3214
3216
3217
3218
3219
3220
3221
3224
3225
3226
3229
3231
3233
3234
3236
3237
3238
3239
3244
3252
3256
3257
3258
3259
3264
3265
3270
3271
3273
3274
3276
3278
3280
3283
3284
3285
3286
3287
3289
3292
3293
3294
3295
3301
3302
3304
3305
3306
3307
3308
3309
3310
3311
3312
3313
3314
3315
3318
3319
3320
3321
3323
3324
3325
3326
3327
3328
3329
3330
3331
3332
3334
3335
3336
3337
3338
3339
3340
3341
3342
3343
3344
3345
3346
3350
3352
3353
3355
3356
3357
3358
3359
3361
3365
3366
3367
3374
3380
3381
3382
3385
3388
3389
3390
3392
3393
3394
3395
3396
3397
3398
3400
3401
3402
3403
3404
3405
3406
3407
3409
3410
3412
3413
3414
3416
3418
3421
3422
3423
3424
3425
3426
3429
3430
3431
3438
3439
3440
3441
3444
3445
3449
3452
3454
3455
3457
3460
3462
3470
3471
3473
3474
3476
3477
3478
3479
3480
3481
3483
3484
3485
3486
3491
3492
3493
3494
3495
3497
3498
3499
3500
3501
3502
3503
3504
3505
3506
3507
3508
3509
3511
3512
3513
3515
3519
3520
3521
3522
3523
3525
3527
3528
3529
3530
3533
3534
3535
3537
3538
3539
3540
3541
3542
3543
3545
3546
3550
3551
3552
3554
3555
3556
3557
3558
3560
3561
3562
3564
3565
3566
3567
3568
3575
3576
3577
3578
3579
3580
3581
3582
3583
3584
3586
3587
3589
3593
3594
3597
3598
3599
3600
3601
3602
3603
3604
3605
3606
3607
3608
3610
3611
3612
3613
3614
3615
3617
3618
3621
3623
3624
3626
3627
3629
3632
3634
3636
3638
3645
3646
3649
3651
3652
3653
3658
3671
3672
3673
3674
3675
3676
3677
3678
3679
3681
3682
3688
3689
3691
3692
3693
3695
3696
3697
3700
3701
3702
3703
3704
3705
3706
3709
3710
3711
3712
3713
3716
3718
3719
3721
3722
3723
3724
3725
3726
3727
3728
3731
3732
3736
3737
3738
3739
3740
3743
3744
3745
3746
3747
3751
3754
3755
3756
3757
3758
3761
3762
3766
3767
3768
3779
3780
3781
3782
3783
3784
3785
3786
3787
3788
3789
3790
3792
3793
3794
3797
3803
3807
3808
3809
3810
3811
3814
3815
3819
3820
3821
3823
3826
3827
3828
3830
3831
3832
3833
3834
3836
3837
3841
3842
3843
3845
3846
3847
3848
3851
3854
3859
3860
3861
3864
3865
3866
3867
3868
3869
3870
3871
3872
3873
3878
3879
3880
3881
3884
3885
3886
3887
3888
3889
3890
3891
3892
3893
3894
3896
3898
3899
3900
3902
3903
3904
3905
3906
3909
3911
3913
3922
3924
3925
3926
3927
3928
3929
3930
3931
3934
3937
3938
3939
3940
3941
3942
3943
3945
3946
3947
3948
3950
3954
3957
3958
3964
3965
3966
3967
3968
3969
3970
3971
3972
3973
3974
3975
3976
3977
3978
3980
3981
3983
3984
3985
3986
3987
3988
3992
3994
3996
3997
3998
3999
4000
4001
4002
4003
4004
4005
4006
4007
4011
4012
4013
4022
4023
4026
4027
4028
4031
4037
4038
4044
4050
4051
4057
4058
4059
4060
4061
4062
4063
4064
4065
4066
4071
4072
4073
4074
4076
4077
4078
4079
4080
4081
4082
4083
4084
4085
4086
4087
4088
4089
4090
4091
4092
4093
4094
4095
4096
4097
4100
4101
4102
4103
4104
4105
4106
4107
4108
4109
4110
4115
4122
4123
4125
4129
4133
4137
4138
4139
4140
4147
4148
4149
4150
4154
4156
4157
4160
4161
4164
4165
4166
4167
4168
4169
4170
4172
4173
4174
4175
4176
4177
4178
4181
4207
4208
4209
4210
4211
4212
4213
4214
4219
4222
4223
4224
4225
4226
4227
4228
4229
4230
4231
4232
4233
4234
4235
4236
4237
4238
4239
4240
4241
4243
4244
4245
4246
4247
4248
4249
4250
4251
4252
4253
4257
4258
4260
4264
4265
4267
4269
4271
4275
4283
4288
4292
4296
4297
4301
4302
4303
4304
4305
4306
4307
4308
4309
4310
4311
4312
4313
4314
4315
4317
4319
4320
4321
4324
4329
4333
4335
4337
4350
4351
4352
4354
4358
4360
4361
4362
4363
4364
4365
4368
4371
4372
4373
4374
4375
4377
4378
4379
4380
4381
4382
4383
4384
4385
4387
4388
4389
4391
4392
4393
4394
4405
4411
4412
4413
4414
4415
4416
4417
4418
4419
4420
4421
4422
4423
4430
4432
4433
4442
4446
4447
4449
4452
4453
4454
4455
4457
4458
4461
4464
4467
4469
4470
4471
4472
4473
4475
4476
4477
4478
4483
4484
4485
4486
4487
4488
4489
4496
4497
4498
4499
4501
4502
4512
4513
4517
4527
4528
4529
4534
4535
4536
4538
4539
4540
4541
4552
4562
4563
4564
4566
4568
4569
4571
4572
4573
4575
4578
4579
4580
4581
4582
4583
4584
4585
4586
4587
4589
4591
4592
4593
4595
4597
4598
4599
4600
4601
4602
4603
4604
4605
4606
4607
4608
4609
4610
4611
4612
4613
4614
4615
4616
4617
4618
4619
4620
4625
4626
4634
4635
4636
4638
4639
4645
4647
4648
4649
4650
4651
4653
4654
4657
4658
4659
4661
4662
4666
4667
4668
4669
4670
4671
4672
4673
4675
4676
4678
4679
4680
4681
4685
4688
4691
4692
4695
4696
4697
4698
4703
4704
4705
4706
4707
4708
4717
4718
4719
4720
4722
4723
4724
4725
4726
4729
4734
4738
4739
4740
4746
4748
4749
4752
4753
4757
4759
4760
4761
4764
4765
4767
4768
4772
4773
4774
4775
4776
4777
4778
4783
4785
4786
4787
4789
4790
4791
4792
4793
4795
4797
4798
4799
4801
4802
4803
4804
4805
4806
4807
4808
4809
4810
4811
4815
4816
4817
4818
4819
4822
4824
4828
4829
4830
4834
4838
4839
4840
4841
4842
4843
4844
4845
4846
4847
4848
4849
4850
4853
4855
4856
4859
4860
4861
4862
4863
4864
4865
4866
4867
4868
4869
4870
4872
4873
4874
4875
4877
4879
4880
4884
4885
4886
4887
4888
4889
4891
4892
4893
4894
4895
4896
4897
4898
4899
4900
4901
4902
